
2016-1-10,18,16,13,14,12,9,94,78,52,1011,1009,1007,26,11,8,27,16,,0.00,2,Rain,188
2016-1-11,18,15,12,14,12,8,94,79,51,1011,1008,1005,19,10,8,52,21,71,0.00,2,Rain,184
2016-1-12,16,14,13,10,8,4,77,66,40,1012,1009,1006,19,11,10,39,26,,0.00,1,,261
2016-1-13,14,9,4,7,4,0,81,59,37,1021,1016,1012,31,13,10,29,16,40,0.00,1,Thunderstorm,310
2016-1-14,14,8,1,12,6,-1,88,76,55,1021,1017,1010,26,12,8,32,13,,0.51,4,Rain,158
2016-1-15,13,9,6,12,7,1,88,72,49,1010,1008,1007,19,11,10,37,19,,0.00,4,Rain,309
2016-1-16,9,6,3,1,-2,-7,87,55,25,1010,1007,1004,10,10,10,37,14,60,0.00,5,,15

2016-1-17,8,3,-1,-4,-6,-9,75,47,23,1016,1013,1010,26,12,10,37,26,53,0.00,3,Rain,349
2016-1-18,8,2,-3,-5,-8,-10,60,46,18,1020,1017,1016,31,31,31,21,11,,0.00,,,18
2016-1-19,9,4,0,-4,-6,-9,69,47,16,1018,1015,1014,31,14,10,19,11,,0.00,3,,41
2016-1-20,11,5,-1,6,-2,-6,93,62,25,1020,1018,1017,31,13,6,14,8,,9.91,4,Rain,83
2016-1-21,13,8,3,7,4,2,100,82,52,1025,1020,1017,31,11,6,13,8,,0.00,1,Rain,37
2016-1-22,13,7,1,7,3,-1,93,78,47,1032,1029,1025,31,13,9,13,6,,0.00,2,,44
2016-1-23,13,7,1,6,4,0,93,79,44,1033,1032,1030,14,10,6,11,6,,0.25,3,Rain,60

2016-1-24,14,8,2,7,3,0,93,75,32,1036,1034,1032,31,20,11,14,8,,0.00,,,25
2016-1-25,13,7,1,8,4,0,93,81,46,1035,1034,1032,31,11,8,14,6,,0.00,,,354
2016-1-26,13,7,1,10,6,1,100,88,64,1033,1032,1031,10,8,2,13,6,,0.25,4,Fog,22
2016-1-27,15,10,4,11,8,4,100,88,67,1032,1031,1030,11,8,0,11,5,,0.00,2,Fog,46
2016-1-28,16,11,5,12,8,4,100,88,63,1032,1031,1030,31,6,0,13,6,,0.00,3,Fog,46
2016-1-29,15,11,6,11,9,6,100,87,63,1034,1033,1031,26,8,2,13,5,,0.00,5,Fog,18
2016-1-30,15,11,7,11,9,7,94,82,59,1034,1031,1027,31,10,6,16,8,,0.00,4,,187

2016-1-31,15,12,10,11,10,8,94,75,63,1027,1023,1020,31,11,9,32,16,,0.00,5,Rain,212
2016-2-1,17,12,7,12,9,7,100,86,61,1029,1025,1021,26,10,8,16,10,,0.25,2,Fog,118
2016-2-2,18,12,6,12,9,5,100,87,58,1030,1028,1026,14,8,0,19,8,,0.25,4,Fog,132
2016-2-3,16,13,12,13,11,3,94,82,46,1025,1020,1013,26,11,9,34,11,,0.00,4,Rain,176
2016-2-4,13,9,4,7,-2,-7,76,47,15,1024,1021,1014,31,14,10,47,26,61,0.00,1,,342
2016-2-5,15,7,-2,7,1,-5,93,66,34,1030,1026,1024,14,11,10,16,6,,0.00,1,,43
2016-2-6,15,9,3,8,5,0,93,72,46,1032,1029,1026,31,11,10,21,13,,0.00,3,,119

2016-2-7,14,11,8,10,8,5,82,72,56,1026,1019,1015,31,12,10,40,26,61,0.00,4,Rain,130
2016-2-8,16,13,11,12,9,8,94,77,57,1022,1018,1015,26,11,7,32,23,,1.02,4,Rain,185
2016-2-9,16,14,12,12,10,7,88,75,55,1023,1016,1004,19,11,10,34,21,48,0.00,4,,183
2016-2-10,15,11,8,12,6,-2,88,64,33,1009,1003,1000,26,10,8,52,31,74,0.51,3,Rain-Hail,250
2016-2-11,13,10,6,7,5,3,93,74,44,1012,1009,1006,31,12,10,19,10,,0.00,4,Rain,61
2016-2-12,14,10,7,13,8,5,94,81,65,1010,1006,1001,19,10,8,32,18,,1.02,5,Rain,157
2016-2-13,17,14,11,12,11,7,88,76,41,1002,1000,998,26,10,6,34,21,,0.00,4,Rain,224

2016-2-14,17,14,11,15,12,10,94,86,72,1002,998,995,19,9,4,35,16,,9.91,4,Rain,180
2016-2-15,17,13,11,13,11,8,94,82,54,1013,1003,996,19,10,5,34,14,,0.25,3,Rain,138
2016-2-16,18,13,8,11,8,6,88,72,45,1016,1013,1011,26,12,10,23,13,,0.51,2,Rain,17
2016-2-17,15,11,8,12,10,7,94,84,70,1020,1017,1015,26,11,8,32,13,,0.25,4,Rain,151
2016-2-18,14,11,7,9,7,2,100,78,60,1017,1014,1012,31,11,10,34,11,,0.00,2,,319
2016-2-19,15,9,3,7,4,2,93,71,48,1022,1019,1017,31,12,10,32,13,,0.00,3,,185
2016-2-20,15,9,4,7,4,2,93,67,39,1028,1024,1019,31,13,10,27,14,,0.00,2,,316

2016-2-21,16,9,2,11,7,1,93,78,60,1028,1026,1025,31,13,10,21,10,,0.00,3,,119
2016-2-22,17,12,7,12,9,7,100,84,65,1027,1023,1020,31,14,10,21,10,,0.00,2,,127
2016-2-23,16,12,9,13,10,7,93,82,65,1019,1014,1011,31,11,9,26,13,,0.00,4,Rain,147
2016-2-24,18,11,4,11,9,4,100,82,48,1015,1013,1012,14,9,3,19,8,,0.00,2,Fog,135
2016-2-25,16,13,11,12,11,8,94,80,67,1014,1011,1007,19,10,9,29,16,,4.06,3,Rain-Thunderstorm,162
2016-2-26,16,11,6,11,8,5,100,82,63,1010,1009,1007,26,11,8,21,10,,0.00,2,Fog-Rain-Thunderstorm,214
2016-2-27,16,12,9,12,9,7,94,76,56,1009,1007,1005,31,12,5,39,23,55,2.03,3,Rain-Thunderstorm,132

2016-2-28,17,13,9,12,10,8,94,76,55,1006,1001,993,19,10,6,50,29,77,4.06,5,Rain-Thunderstorm,119
2016-2-29,15,12,9,10,8,7,87,75,52,1006,1003,997,14,10,4,40,32,66,16.00,4,Rain-Thunderstorm,154
2016-3-1,16,11,7,10,7,5,93,77,54,1013,1009,1006,31,12,10,24,13,,5.08,1,Rain,350
2016-3-2,15,10,6,11,7,2,87,70,43,1014,1010,1003,31,14,10,24,11,,0.25,3,Rain,269
2016-3-3,14,10,6,11,4,-1,88,64,34,1002,999,996,31,11,8,50,24,74,3.05,3,Rain-Thunderstorm,309
2016-3-4,14,9,4,4,2,0,81,63,30,1010,1006,1000,19,11,9,24,11,,0.76,2,Rain-Thunderstorm,337
2016-3-5,14,10,5,12,7,3,94,75,55,1010,1005,1001,26,11,3,40,21,64,0.00,5,Rain-Thunderstorm,150

2016-3-6,16,12,9,9,6,3,88,68,41,1005,1003,1002,31,11,6,27,16,48,0.25,3,Rain-Thunderstorm,232
2016-3-7,13,9,6,6,4,2,81,65,42,1007,1003,1001,14,10,10,27,16,,0.00,4,Rain,211
2016-3-8,14,9,5,7,6,3,93,73,47,1009,1008,1006,31,11,9,27,14,,0.25,4,Rain,186
2016-3-9,12,9,6,7,6,4,93,85,71,1008,1006,1004,19,11,8,21,11,,3.05,5,Rain,61
2016-3-10,13,8,4,7,5,3,93,79,44,1010,1007,1004,31,14,8,14,8,,1.02,5,Rain,54
2016-3-11,18,11,4,8,6,3,93,73,34,1013,1011,1009,14,11,10,19,10,,0.00,2,Rain,32
2016-3-12,19,13,8,5,4,2,81,56,24,1013,1010,1008,19,12,10,27,16,35,0.00,1,,20

2016-3-13,17,13,9,5,4,4,66,57,35,1014,1011,1009,31,28,26,29,19,,0.00,,,23
2016-3-14,18,13,7,7,4,1,82,57,23,1019,1016,1014,31,15,10,23,13,,0.00,2,,27
2016-3-15,16,11,7,8,5,3,82,70,55,1020,1016,1013,19,12,10,21,10,,0.25,4,Rain,14
2016-3-16,16,12,7,9,7,5,87,72,50,1021,1016,1013,19,11,8,32,13,,4.06,4,Rain-Thunderstorm,117
2016-3-17,17,12,6,9,6,4,88,66,39,1021,1019,1018,31,11,10,21,10,,0.51,3,Rain,340
2016-3-18,16,12,8,9,8,5,94,74,46,1018,1016,1015,31,11,10,23,8,,0.00,2,Rain,310
2016-3-19,16,10,4,10,7,4,100,78,52,1019,1018,1016,31,9,3,19,6,,0.00,1,,296

2016-3-20,17,11,4,11,8,4,93,78,46,1021,1019,1016,26,11,7,19,8,,0.00,1,,128
2016-3-21,21,15,9,10,8,4,94,65,26,1016,1011,1006,19,14,10,32,13,,0.00,4,,110
2016-3-22,21,15,9,12,9,7,88,67,41,1006,998,987,19,9,6,34,11,,0.00,1,,72
2016-3-23,14,11,9,8,5,2,76,59,38,995,989,984,31,11,10,40,27,58,0.51,2,Rain-Thunderstorm,13
2016-3-24,16,11,6,7,3,-2,76,58,33,1014,1005,996,31,13,10,23,13,,0.25,3,Rain,55
2016-3-25,16,9,3,6,1,-2,71,53,21,1019,1017,1014,31,23,10,16,10,,0.00,3,,46
2016-3-26,17,12,7,11,7,1,88,67,30,1019,1017,1015,31,13,10,27,11,,0.00,1,Rain,30

2016-3-27,16,11,5,11,8,4,93,79,59,1020,1018,1017,26,11,6,21,8,,0.00,2,,211
2016-3-28,16,14,12,13,11,9,94,80,64,1017,1016,1015,26,11,6,24,13,,2.03,4,Rain,160
2016-3-29,18,13,9,13,11,8,94,79,56,1021,1019,1016,26,11,8,14,10,,0.00,3,,162
2016-3-30,19,13,8,13,11,8,100,80,49,1023,1021,1020,26,9,1,27,11,,0.00,3,Fog,140
2016-3-31,24,16,8,9,7,4,94,54,20,1021,1017,1015,31,19,13,35,16,40,0.00,,,124
2016-4-1,21,17,13,11,8,4,77,50,24,1015,1015,1013,31,27,26,27,19,,0.00,,,139
2016-4-2,23,17,10,12,9,8,88,68,31,1017,1015,1014,31,17,10,21,8,,0.00,2,,63

2016-4-3,24,16,8,13,9,5,88,63,25,1018,1017,1016,26,20,14,16,6,,0.00,,,133
2016-4-4,22,16,9,14,10,8,94,71,34,1017,1015,1013,31,22,14,24,10,,0.00,,,130
2016-4-5,22,16,10,11,9,8,88,66,32,1014,1012,1010,19,15,14,16,8,,0.76,,,90
2016-4-6,24,17,8,15,11,7,94,70,33,1011,1009,1008,26,14,8,16,8,,0.00,,,320
2016-4-7,24,17,9,14,11,8,94,73,35,1009,1006,1003,26,10,6,14,5,,0.00,8,Fog,333
2016-4-8,17,16,14,15,13,11,94,82,58,1004,1001,1000,14,10,8,23,10,,0.00,3,Rain,295
2016-4-9,16,13,10,13,8,6,88,68,43,1007,1005,1002,26,11,8,27,14,,0.00,3,Rain,261

2016-4-17,24,20,16,13,8,4,77,46,19,1016,1016,1015,26,23,19,34,21,,0.00,,,154
2016-4-18,22,17,12,15,13,10,94,77,46,1017,1015,1013,19,12,9,14,8,,0.00,1,,249
2016-4-19,22,16,9,14,9,4,100,64,21,1018,1015,1013,31,10,0,34,14,,0.00,2,Fog,321
2016-4-20,22,16,10,13,7,4,88,58,35,1024,1020,1018,,,,23,13,,0.00,,,1
2016-4-21,21,14,8,11,8,5,94,67,33,1024,1023,1021,31,28,26,21,6,,0.00,8,,312
2016-4-22,21,15,9,15,12,9,94,76,50,1022,1018,1015,31,12,9,24,10,,2.03,2,Rain,167
2016-4-23,19,17,15,14,13,12,88,76,56,1015,1009,1005,31,11,8,32,14,,0.00,4,Rain,248

2016-4-24,19,16,13,13,12,9,94,73,57,1005,1001,1000,26,11,8,35,23,,1.02,3,Rain,268
2016-4-25,16,12,7,10,4,-2,94,63,20,1012,1005,1000,31,10,8,40,14,61,0.25,3,Rain-Thunderstorm,358
2016-4-26,18,12,5,10,8,2,87,67,47,1013,1012,1011,26,11,10,37,18,42,2.03,5,Rain,190
2016-4-27,19,17,14,12,11,9,88,69,48,1014,1012,1011,31,12,10,29,19,,0.00,3,Rain,209
2016-4-28,18,16,13,14,12,10,94,79,66,1014,1013,1012,19,11,10,21,13,,0.51,4,Rain,140
2016-4-29,20,16,12,13,12,10,94,75,45,1017,1015,1013,31,14,10,24,10,,0.00,1,,317
2016-4-30,21,15,9,13,11,8,94,73,44,1017,1016,1013,14,11,8,23,10,,7.87,6,Rain,159


2016-4-24,19,16,13,13,12,9,94,73,57,1005,1001,1000,26,11,8,35,23,,1.02,3,Rain,268
2016-4-25,16,12,7,10,4,-2,94,63,20,1012,1005,1000,31,10,8,40,14,61,0.25,3,Rain-Thunderstorm,358
2016-4-26,18,12,5,10,8,2,87,67,47,1013,1012,1011,26,11,10,37,18,42,2.03,5,Rain,190
2016-4-27,19,17,14,12,11,9,88,69,48,1014,1012,1011,31,12,10,29,19,,0.00,3,Rain,209
2016-4-28,18,16,13,14,12,10,94,79,66,1014,1013,1012,19,11,10,21,13,,0.51,4,Rain,140
2016-4-29,20,16,12,13,12,10,94,75,45,1017,1015,1013,31,14,10,24,10,,0.00,1,,317
2016-4-30,21,15,9,13,11,8,94,73,44,1017,1016,1013,14,11,8,23,10,,7.87,6,Rain,159

2016-5-1,18,14,11,12,10,7,94,75,51,1013,1011,1010,31,11,8,26,11,,0.00,4,Rain,253
2016-5-2,17,12,8,13,9,6,93,76,39,1011,1009,1007,31,11,6,26,13,,1.02,3,Rain-Thunderstorm,338
2016-5-3,23,18,13,13,9,6,82,57,25,1013,1010,1008,31,13,10,32,19,47,0.00,2,Rain,335
2016-5-4,24,18,11,14,7,3,88,51,18,1017,1014,1012,31,12,10,29,13,34,0.00,2,Rain-Thunderstorm,9
2016-5-5,23,17,11,12,7,4,94,56,26,1019,1017,1016,26,12,10,26,13,,0.00,2,Rain-Thunderstorm,65
2016-5-6,22,16,9,10,8,5,94,63,26,1018,1017,1015,26,14,10,21,10,,0.00,1,,353
2016-5-7,22,16,9,12,10,8,88,64,40,1016,1014,1012,31,20,10,24,8,,0.00,1,,17

2016-5-8,23,18,12,14,11,8,88,65,32,1017,1014,1012,26,21,18,19,8,,0.00,,,143
2016-5-9,22,18,14,15,12,11,94,67,42,1019,1017,1015,26,15,10,23,8,,0.00,1,,152
2016-5-10,24,19,14,16,12,6,88,66,29,1019,1015,1010,19,15,11,27,11,,0.00,8,,142
2016-5-11,23,19,15,17,15,13,94,80,49,1010,1007,1005,14,10,7,24,8,,0.76,4,Rain,169
2016-5-12,21,18,16,17,14,12,94,79,61,1006,1004,1003,26,10,4,29,16,,0.00,3,Rain,242
2016-5-13,22,19,16,14,13,12,77,68,46,1006,1005,1004,23,11,10,32,21,,0.00,2,,222
2016-5-14,19,17,14,15,13,11,94,78,66,1009,1006,1004,14,10,3,39,23,50,4.06,4,Rain,224

2016-5-15,21,17,13,15,14,12,94,82,56,1014,1010,1008,14,10,6,21,10,,2.03,3,Rain,121
2016-5-16,22,17,11,15,13,10,100,79,58,1017,1015,1014,26,11,10,27,8,,0.00,2,Fog,311
2016-5-17,21,17,13,14,12,9,94,74,47,1017,1016,1015,19,10,9,23,11,,0.00,4,Rain,344
2016-5-18,21,16,11,14,12,10,94,74,51,1018,1017,1015,31,12,10,21,10,,0.00,3,,147
2016-5-19,20,17,13,14,12,8,88,71,43,1015,1012,1009,31,12,10,35,16,,0.00,3,Rain,187
2016-5-20,23,17,11,12,9,8,88,58,29,1016,1011,1009,31,12,10,35,19,52,0.00,3,Rain,4
2016-5-21,28,21,13,9,8,5,72,43,16,1017,1016,1015,31,31,31,27,16,,0.00,,,1

2016-6-5,25,19,14,17,15,13,94,74,49,1017,1016,1015,26,11,10,24,8,,0.00,1,,262
2016-6-6,25,19,13,18,15,12,94,74,42,1019,1017,1016,31,15,8,24,8,,0.00,1,,310
2016-6-7,26,20,14,18,16,13,94,73,44,1020,1019,1018,31,19,10,27,10,,0.00,2,Rain,319
2016-6-8,26,21,17,20,17,15,94,76,55,1019,1017,1015,26,13,10,21,8,,0.00,2,,237
2016-6-9,23,19,15,18,17,14,100,80,64,1015,1012,1009,31,11,1,19,8,,16.00,3,Rain-Thunderstorm,159
2016-6-10,26,21,15,18,17,14,94,75,53,1013,1011,1009,31,11,10,19,8,,0.00,2,,288
2016-6-11,26,21,16,19,17,15,94,77,53,1014,1013,1012,19,10,7,23,8,,0.00,2,,156

2016-6-12,25,22,18,20,18,14,94,78,47,1014,1010,1008,26,10,8,27,13,,2.03,3,Rain,168
2016-6-13,24,19,14,17,16,13,100,75,50,1007,1005,1003,31,12,8,27,10,29,0.00,1,,292
2016-6-14,24,21,17,18,16,14,94,74,46,1005,1003,1002,31,12,8,26,11,,0.00,2,,176
2016-6-15,25,22,19,16,14,12,78,62,37,1010,1007,1004,31,12,10,23,14,,0.00,2,,192
2016-6-16,32,23,15,21,15,8,88,62,18,1009,1005,1002,31,12,6,39,16,63,0.00,3,Rain,145
2016-6-17,24,20,16,20,16,13,94,69,51,1018,1015,1009,26,12,10,26,16,,0.00,2,Rain,256
2016-6-18,27,20,13,18,14,7,94,71,26,1019,1017,1016,31,23,14,23,8,,0.00,,,304

2016-7-8,29,24,19,23,21,19,94,77,58,1020,1019,1018,26,10,5,21,8,,0.00,2,Fog,285

2016-7-15,26,23,19,15,12,9,68,51,28,1014,1010,1008,26,11,5,45,19,61,0.00,2,Thunderstorm,40

2016-7-23,33,27,20,19,15,9,73,50,18,1016,1015,1013,26,18,10,26,8,29,0.25,2,Rain,96


2016-7-24,31,26,19,21,17,15,78,59,41,1015,1014,1013,31,16,10,26,11,,0.00,1,Rain,156
2016-7-25,30,25,20,22,18,15,88,66,42,1015,1014,1013,31,15,10,24,11,,0.25,3,Rain-Thunderstorm,4
2016-7-26,29,23,18,22,19,17,94,75,54,1015,1014,1013,26,16,10,24,10,,0.00,1,,297
2016-7-27,30,26,22,23,21,19,94,75,49,1015,1014,1013,26,11,8,21,10,,0.00,1,,201
2016-7-28,29,24,20,23,21,18,100,76,51,1016,1015,1014,26,10,5,21,8,,0.00,1,Fog,252


2016-8-1,29,27,24,23,22,21,89,79,57,1014,1012,1011,19,10,8,32,16,,0.00,3,,223
2016-8-2,30,26,21,22,20,18,94,70,55,1015,1014,1013,10,10,10,27,11,,0.00,1,,317
2016-8-3,32,26,20,23,19,15,89,64,32,1015,1014,1013,10,10,10,26,11,,0.00,1,,299
2016-8-4,32,26,20,23,21,17,100,72,33,1014,1013,1013,31,17,9,23,8,,0.00,2,,237
2016-8-5,30,25,20,23,21,18,94,77,54,1014,1012,1012,26,10,3,26,8,,0.00,2,Fog-Rain,181
2016-8-6,31,24,18,22,16,11,94,56,28,1016,1013,1011,31,10,8,35,14,39,0.00,2,,334
2016-8-7,34,28,21,17,13,12,61,43,19,1018,1016,1015,31,25,10,32,21,,0.00,1,,30
2016-8-8,31,26,21,20,16,12,83,55,26,1018,1017,1016,31,31,31,26,13,,0.00,,,324
2016-8-9,29,24,19,22,17,11,94,67,29,1016,1014,1013,31,20,14,24,8,,0.00,,,302
2016-8-10,30,24,19,22,18,11,100,73,35,1013,1012,1010,10,10,8,26,13,,0.00,2,,185
2016-8-11,29,24,19,19,15,8,83,59,35,1017,1014,1013,10,10,9,27,13,,0.00,1,,360
2016-8-12,29,23,18,15,7,2,49,35,18,1021,1019,1017,,,,34,18,,0.00,,,7
2016-8-13,27,22,18,18,11,4,83,50,32,1022,1021,1021,10,10,10,27,14,,0.00,1,,322
2016-8-14,28,22,17,20,17,13,100,69,50,1022,1021,1012,10,10,10,24,10,,0.00,1,,138
2016-8-15,27,22,17,20,17,14,94,72,51,1021,1019,1018,10,10,10,21,8,,0.00,1,,288
2016-8-16,27,22,17,22,19,15,100,79,58,1018,1016,1014,10,10,10,23,8,,0.00,1,,283
2016-8-17,28,24,22,22,20,17,94,78,54,1015,1013,1011,31,11,8,23,8,,0.00,2,,213
2016-8-18,29,24,20,21,19,18,88,74,48,1013,1011,1010,26,12,10,21,10,,0.00,2,,183
2016-8-19,30,25,20,22,20,18,94,75,44,1015,1013,1011,26,12,10,21,10,,0.00,2,,151
2016-8-20,29,24,19,22,21,17,94,75,40,1016,1015,1014,19,13,10,23,8,,0.00,1,,340
2016-8-21,29,24,19,23,21,18,100,78,48,1016,1015,1014,31,10,0,21,8,,0.00,3,Fog,244
2016-8-22,34,27,20,21,15,6,88,53,14,1019,1016,1015,31,12,9,29,14,,0.00,2,,3
2016-8-23,33,27,20,11,9,5,50,34,16,1020,1018,1016,10,10,10,32,21,58,0.25,1,,18
2016-8-24,32,26,20,21,14,10,88,52,23,1018,1017,1016,31,22,10,27,18,29,0.00,1,,8
2016-8-25,32,27,21,21,16,12,83,54,25,1017,1016,1015,31,29,26,23,11,,0.00,,,336
2016-8-26,31,26,20,22,17,14,89,61,28,1019,1017,1015,31,24,19,23,10,,0.00,,,296
2016-8-27,32,26,18,22,18,16,88,66,32,1020,1019,1018,26,19,10,24,10,,0.00,1,,299
2016-8-28,29,23,17,23,18,14,94,74,34,1020,1019,1018,31,17,10,23,8,,0.00,1,,298
2016-8-29,28,23,18,21,19,17,100,76,46,1019,1017,1015,26,10,3,21,6,,0.00,2,Fog,273
2016-8-30,30,24,18,22,19,17,94,74,49,1018,1017,1015,31,11,6,21,8,,0.00,1,Rain,200
2016-8-31,26,22,19,20,18,16,88,74,52,1020,1018,1016,31,14,10,14,8,,3.05,2,Rain-Thunderstorm,30


2016-9-1,28,22,17,20,18,16,94,73,42,1020,1018,1017,31,25,10,23,8,,0.00,1,,330
2016-9-2,29,23,17,22,18,16,94,71,43,1019,1017,1016,31,26,19,27,10,,0.00,,,321
2016-9-3,31,23,17,22,18,14,88,67,35,1018,1017,1015,19,12,10,24,8,,0.00,1,,310
2016-9-4,30,24,19,22,19,16,94,73,48,1018,1017,1016,,,,21,10,,0.00,,,291
2016-9-5,29,24,20,22,21,19,94,77,52,1016,1012,1010,31,10,7,24,11,,7.87,3,Rain-Thunderstorm,162
2016-9-6,29,23,18,20,12,8,94,51,18,1013,1012,1010,31,11,10,37,21,48,0.00,1,,22
2016-9-7,28,22,17,18,13,11,73,59,37,1014,1012,1011,19,11,10,24,16,,0.76,3,,77
2016-9-8,28,22,16,20,16,13,88,68,34,1013,1011,1009,19,11,10,29,13,,0.00,2,,347
2016-9-9,28,23,18,20,16,13,78,62,34,1013,1011,1010,31,15,10,24,10,,0.00,2,Rain,19
2016-9-10,28,24,19,20,17,15,88,69,36,1014,1012,1011,19,11,8,23,8,,0.51,2,Rain,357
2016-9-11,29,23,17,20,18,16,94,80,47,1016,1014,1013,26,9,5,21,8,26,1.02,3,Rain-Thunderstorm,28
2016-9-12,28,22,17,20,18,16,100,77,48,1017,1016,1015,19,9,6,24,8,,0.00,1,,332
2016-9-13,28,23,17,19,17,13,94,69,43,1017,1015,1014,26,15,8,21,8,,0.00,1,,12
2016-9-14,29,23,17,19,17,15,88,71,40,1016,1015,1014,26,17,10,21,8,,0.00,1,,329
2016-9-15,27,22,18,21,19,17,94,80,57,1018,1016,1015,19,10,5,23,10,,3.05,3,Rain-Thunderstorm,120
2016-9-16,24,22,20,21,20,18,94,84,70,1018,1015,1012,19,10,5,26,13,,13.97,4,Rain-Thunderstorm,134
2016-9-17,27,23,19,19,17,15,94,72,51,1014,1013,1013,31,12,10,27,14,,0.00,3,Rain,234
2016-9-18,24,20,17,18,15,12,88,67,36,1014,1011,1009,31,11,8,26,18,37,6.10,3,Rain-Thunderstorm,241
2016-9-19,23,19,14,17,15,13,94,79,55,1010,1009,1008,31,10,6,23,11,,2.03,3,Rain-Hail-Thunderstorm,356
2016-9-20,26,20,14,18,14,12,94,71,39,1013,1012,1010,31,15,10,21,8,,0.00,2,,335
2016-9-21,24,21,17,18,17,16,94,82,62,1014,1012,1012,31,13,7,21,10,,0.25,2,Rain-Thunderstorm,117
2016-9-22,26,21,17,17,15,13,88,70,46,1021,1017,1014,19,11,9,21,11,,0.00,2,Rain,31
2016-9-23,25,20,14,18,15,11,88,72,48,1024,1023,1021,31,14,10,19,8,,0.00,1,,75
2016-9-24,26,20,14,16,14,10,100,70,39,1024,1023,1021,26,9,6,19,6,,0.00,2,,15
2016-9-25,25,19,14,17,13,11,88,69,47,1021,1019,1017,31,19,10,19,8,,0.00,2,,354
2016-9-26,25,19,13,14,12,10,88,66,36,1020,1018,1017,19,19,19,19,8,,0.00,,,349
2016-9-27,25,19,13,16,14,12,94,71,46,1024,1021,1019,31,15,10,19,8,,0.00,2,,80
2016-9-28,25,20,14,16,14,11,88,70,46,1029,1027,1024,31,13,10,19,8,,0.00,2,,352
2016-9-29,25,19,13,17,14,12,94,74,36,1029,1027,1024,31,13,8,19,8,,0.00,1,,358
2016-9-30,25,19,13,16,14,12,94,73,47,1025,1022,1020,31,11,6,19,8,,0.00,1,,102

2016-10-1,26,20,15,18,15,13,94,75,43,1021,1017,1014,26,13,4,26,13,,0.51,3,Rain-Thunderstorm,124
2016-10-2,24,21,17,20,18,16,100,85,66,1018,1015,1012,26,10,3,26,13,,0.25,3,Rain-Thunderstorm,142
2016-10-3,25,21,17,20,18,16,100,83,61,1020,1019,1018,19,11,10,19,10,,1.02,3,Rain,151
2016-10-4,25,21,16,18,15,8,94,74,45,1019,1017,1016,31,12,8,24,8,,0.00,1,,7
2016-10-5,23,19,14,14,11,8,77,60,34,1018,1017,1015,31,11,10,23,13,,0.00,2,,97
2016-10-6,21,18,15,16,14,12,94,82,63,1014,1012,1011,31,11,3,24,13,,39.88,3,Rain-Thunderstorm-Tornado,117
2016-10-7,21,18,14,16,13,9,100,77,54,1015,1010,1006,31,12,4,32,13,,6.10,3,Rain-Thunderstorm,17
2016-10-8,22,16,10,16,12,8,88,75,43,1017,1016,1015,14,10,10,23,10,,2.03,4,Rain,100
2016-10-9,23,18,13,16,13,12,94,76,43,1017,1015,1015,31,12,10,19,10,,0.00,2,,96
2016-10-10,22,17,13,15,13,9,94,76,48,1015,1013,1012,19,11,8,19,10,,0.00,3,Rain,29
2016-10-11,17,13,10,12,9,7,88,78,59,1013,1009,1005,31,13,5,29,10,60,2.03,2,Rain,40
2016-10-12,19,13,8,8,6,3,87,62,31,1016,1013,1009,,,,19,11,,0.00,,,7
2016-10-13,17,13,9,11,9,7,87,73,62,1016,1014,1011,31,13,9,23,11,,1.02,3,Rain,65
2016-10-14,27,21,15,20,16,11,83,64,45,1011,1009,1006,26,12,10,52,26,80,1.02,3,Rain-Thunderstorm,136
2016-10-15,23,19,14,19,17,14,100,84,64,1019,1014,1010,31,10,1,14,6,,0.00,3,Fog,280
2016-10-16,23,19,14,17,15,13,100,82,61,1022,1020,1019,31,14,10,21,8,,0.00,1,,5
2016-10-17,23,18,12,18,14,11,94,83,58,1024,1023,1022,31,14,10,14,6,,0.00,2,,23
2016-10-18,19,16,13,17,15,12,100,90,73,1022,1021,1020,26,10,5,14,6,,2.03,3,Fog-Rain,81
2016-10-19,21,16,11,16,13,11,100,83,60,1021,1018,1016,31,9,0,14,8,,0.00,3,Fog-Rain,132
2016-10-20,21,18,16,15,13,11,94,72,50,1016,1013,1012,19,11,9,32,13,,0.00,3,Rain,223
2016-10-21,20,16,12,14,11,9,88,67,43,1013,1011,1010,31,12,10,24,14,,0.00,2,,232
2016-10-22,21,16,9,13,11,8,94,76,46,1016,1015,1013,31,11,10,16,8,,0.00,1,,72
2016-10-23,22,18,13,17,14,11,88,77,54,1019,1016,1015,31,12,10,23,11,,0.25,4,Rain,105
2016-10-24,26,21,17,17,15,14,88,69,44,1022,1020,1019,26,12,10,23,11,39,0.00,4,,119
2016-10-25,24,20,16,20,18,13,88,81,71,1024,1023,1022,26,10,6,21,10,,0.00,6,,132
2016-10-26,22,20,18,20,18,17,94,91,82,1023,1020,1017,11,9,6,19,8,,0.51,4,Rain,103
2016-10-27,22,19,14,17,12,7,100,67,35,1022,1018,1014,31,9,2,35,19,53,0.00,3,Rain-Thunderstorm,23
2016-10-28,20,16,12,8,6,3,67,52,33,1026,1024,1022,10,10,10,42,23,58,0.00,1,,26
2016-10-29,22,14,7,12,7,3,88,63,22,1026,1024,1022,19,19,19,16,10,,0.00,,,35
2016-10-30,22,15,8,15,10,6,94,75,43,1023,1021,1020,31,31,31,14,6,,0.00,,,71
2016-10-31,22,15,8,15,11,8,100,78,41,1025,1023,1021,31,28,26,16,6,,0.00,,,66

2016-11-1,21,14,9,15,11,7,94,79,57,1025,1024,1023,26,12,10,13,6,,0.00,2,,78
2016-11-2,22,17,12,17,14,11,94,79,61,1023,1020,1016,31,11,10,24,13,,0.00,3,,170
2016-11-3,21,17,13,16,14,12,100,79,56,1017,1014,1013,19,11,5,24,16,,0.00,3,Rain-Thunderstorm,148
2016-11-4,20,16,12,15,13,11,94,79,56,1020,1019,1017,31,11,9,19,10,,0.00,2,,132
2016-11-5,21,18,14,18,16,12,88,80,70,1019,1014,1009,31,10,6,37,23,50,0.00,3,Rain,143
2016-11-6,22,19,16,19,16,8,100,77,59,1008,1004,1000,19,8,4,39,24,61,11.94,3,Rain-Thunderstorm,183
2016-11-7,17,15,13,12,9,6,94,66,40,1009,1007,1005,31,12,5,37,24,45,0.51,3,Rain,233
2016-11-8,14,12,10,12,10,8,100,86,67,1005,1004,1003,31,11,3,16,10,,2.03,2,Rain-Thunderstorm,76
2016-11-9,15,10,6,9,6,4,94,72,38,1010,1008,1005,31,11,8,32,8,,0.25,3,Rain-Thunderstorm,339
2016-11-10,17,12,7,10,8,7,93,78,51,1016,1012,1008,26,12,10,13,6,,0.25,2,Rain,72
2016-11-11,18,13,7,13,9,6,94,79,58,1015,1012,1009,26,11,8,53,19,77,1.02,2,Rain-Thunderstorm,169
2016-11-12,14,10,5,8,5,3,93,73,40,1021,1015,1010,10,9,8,21,10,,0.00,1,Rain-Thunderstorm,22
2016-11-13,16,10,4,8,6,2,93,71,48,1023,1022,1021,31,13,10,21,11,,0.00,3,,93
2016-11-14,16,12,9,8,7,5,82,68,49,1025,1022,1021,31,12,10,21,13,,0.00,2,,60
2016-11-15,17,12,7,7,5,3,81,66,38,1028,1026,1024,19,19,19,19,11,,0.00,,,32
2016-11-16,16,10,4,9,6,2,93,76,47,1027,1025,1023,31,18,10,14,8,,0.00,1,,57
2016-11-17,15,10,6,11,8,4,93,78,60,1023,1021,1020,14,10,8,14,10,,0.25,4,,79
2016-11-18,20,16,11,15,13,10,88,80,64,1020,1019,1017,19,11,10,23,13,,0.00,2,,131
2016-11-19,19,18,16,16,16,14,94,87,78,1017,1015,1014,19,10,7,23,16,,0.76,4,Rain,154
2016-11-20,20,17,13,15,14,13,94,84,62,1017,1016,1015,19,11,6,21,11,,0.51,2,Rain-Thunderstorm,119
2016-11-21,20,16,11,14,12,10,94,81,60,1018,1017,1017,31,12,10,23,13,,0.00,1,,117
2016-11-22,21,16,10,14,12,9,94,80,58,1020,1019,1017,31,13,10,26,11,,0.00,1,,106
2016-11-23,21,16,12,15,13,10,94,82,64,1021,1020,1019,19,12,10,24,11,,0.00,1,Rain,113
2016-11-24,19,16,13,14,13,11,94,75,55,1021,1017,1014,19,13,10,32,18,,0.25,1,Rain,116
2016-11-25,18,14,12,15,13,11,100,85,67,1015,1014,1013,31,12,2,26,13,,10.92,4,Rain-Thunderstorm,13
2016-11-26,18,12,7,14,10,7,100,90,64,1018,1016,1015,31,8,1,11,5,,0.00,1,Fog,29
2016-11-27,17,11,6,11,8,5,100,85,58,1015,1013,1010,31,21,8,13,6,,0.25,,,42
2016-11-28,15,10,4,9,7,4,100,83,58,1013,1010,1009,31,7,1,24,11,,0.00,2,Fog,37
2016-11-29,12,8,4,3,-2,-5,62,48,27,1028,1020,1013,,,,35,27,52,0.00,,,29
2016-11-30,13,7,2,2,-1,-4,87,58,28,1031,1029,1028,26,26,26,23,16,,0.00,,,23



