max_temp, min_temp, max_humidity, min_humidity, mean_pressure, mean_visibility, wind_speed, precipitation, is_hailing, is_raining, is_thunderstorm, is_fog
18, 13, 94, 52, 1009, 11, 16, 0.00, 0,1,0,0
18, 12, 94, 51, 1008, 10, 21, 0.00, 0,1,0,0
14, 4, 81, 37, 1016, 13, 16, 0.00, 0,0,1,0
14, 1, 88, 55, 1017, 12, 13, 0.51, 0,1,0,0
13, 6, 88, 49, 1008, 11, 19, 0.00, 0,1,0,0
8, -1, 75, 23, 1013, 12, 26, 0.00, 0,1,0,0
11, -1, 93, 25, 1018, 13, 8, 9.91, 0,1,0,0
13, 3, 100, 52, 1020, 11, 8, 0.00, 0,1,0,0
13, 1, 93, 44, 1032, 10, 6, 0.25, 0,1,0,0
13, 1, 100, 64, 1032, 8, 6, 0.25, 0,0,0,1
15, 4, 100, 67, 1031, 8, 5, 0.00, 0,0,0,1
16, 5, 100, 63, 1031, 6, 6, 0.00, 0,0,0,1
15, 6, 100, 63, 1033, 8, 5, 0.00, 0,0,0,1
15, 10, 94, 63, 1023, 11, 16, 0.00, 0,1,0,0
17, 7, 100, 61, 1025, 10, 10, 0.25, 0,0,0,1
18, 6, 100, 58, 1028, 8, 8, 0.25, 0,0,0,1
16, 12, 94, 46, 1020, 11, 11, 0.00, 0,1,0,0
14, 8, 82, 56, 1019, 12, 26, 0.00, 0,1,0,0
16, 11, 94, 57, 1018, 11, 23, 1.02, 0,1,0,0
15, 8, 88, 33, 1003, 10, 31, 0.51, 1,1,0,0
13, 6, 93, 44, 1009, 12, 10, 0.00, 0,1,0,0
14, 7, 94, 65, 1006, 10, 18, 1.02, 0,1,0,0
17, 11, 88, 41, 1000, 10, 21, 0.00, 0,1,0,0
17, 11, 94, 72, 998, 9, 16, 9.91, 0,1,0,0
17, 11, 94, 54, 1003, 10, 14, 0.25, 0,1,0,0
18, 8, 88, 45, 1013, 12, 13, 0.51, 0,1,0,0
15, 8, 94, 70, 1017, 11, 13, 0.25, 0,1,0,0
16, 9, 93, 65, 1014, 11, 13, 0.00, 0,1,0,0
18, 4, 100, 48, 1013, 9, 8, 0.00, 0,0,0,1
16, 11, 94, 67, 1011, 10, 16, 4.06, 0,1,1,0
16, 6, 100, 63, 1009, 11, 10, 0.00, 0,1,1,1
16, 9, 94, 56, 1007, 12, 23, 2.03, 0,1,1,0
17, 9, 94, 55, 1001, 10, 29, 4.06, 0,1,1,0
15, 9, 87, 52, 1003, 10, 32, 16.00, 0,1,1,0
16, 7, 93, 54, 1009, 12, 13, 5.08, 0,1,0,0
15, 6, 87, 43, 1010, 14, 11, 0.25, 0,1,0,0
14, 6, 88, 34, 999, 11, 24, 3.05, 0,1,1,0
14, 4, 81, 30, 1006, 11, 11, 0.76, 0,1,1,0
14, 5, 94, 55, 1005, 11, 21, 0.00, 0,1,1,0
16, 9, 88, 41, 1003, 11, 16, 0.25, 0,1,1,0
13, 6, 81, 42, 1003, 10, 16, 0.00, 0,1,0,0
14, 5, 93, 47, 1008, 11, 14, 0.25, 0,1,0,0
12, 6, 93, 71, 1006, 11, 11, 3.05, 0,1,0,0
13, 4, 93, 44, 1007, 14, 8, 1.02, 0,1,0,0
18, 4, 93, 34, 1011, 11, 10, 0.00, 0,1,0,0
16, 7, 82, 55, 1016, 12, 10, 0.25, 0,1,0,0
16, 7, 87, 50, 1016, 11, 13, 4.06, 0,1,1,0
17, 6, 88, 39, 1019, 11, 10, 0.51, 0,1,0,0
16, 8, 94, 46, 1016, 11, 8, 0.00, 0,1,0,0
14, 9, 76, 38, 989, 11, 27, 0.51, 0,1,1,0
16, 6, 76, 33, 1005, 13, 13, 0.25, 0,1,0,0
17, 7, 88, 30, 1017, 13, 11, 0.00, 0,1,0,0
16, 12, 94, 64, 1016, 11, 13, 2.03, 0,1,0,0
19, 8, 100, 49, 1021, 9, 11, 0.00, 0,0,0,1
24, 9, 94, 35, 1006, 10, 5, 0.00, 0,0,0,1
17, 14, 94, 58, 1001, 10, 10, 0.00, 0,1,0,0
16, 10, 88, 43, 1005, 11, 14, 0.00, 0,1,0,0
22, 9, 100, 21, 1015, 10, 14, 0.00, 0,0,0,1
21, 9, 94, 50, 1018, 12, 10, 2.03, 0,1,0,0
19, 15, 88, 56, 1009, 11, 14, 0.00, 0,1,0,0
19, 13, 94, 57, 1001, 11, 23, 1.02, 0,1,0,0
16, 7, 94, 20, 1005, 10, 14, 0.25, 0,1,1,0
18, 5, 87, 47, 1012, 11, 18, 2.03, 0,1,0,0
19, 14, 88, 48, 1012, 12, 19, 0.00, 0,1,0,0
18, 13, 94, 66, 1013, 11, 13, 0.51, 0,1,0,0
21, 9, 94, 44, 1016, 11, 10, 7.87, 0,1,0,0
19, 13, 94, 57, 1001, 11, 23, 1.02, 0,1,0,0
16, 7, 94, 20, 1005, 10, 14, 0.25, 0,1,1,0
18, 5, 87, 47, 1012, 11, 18, 2.03, 0,1,0,0
19, 14, 88, 48, 1012, 12, 19, 0.00, 0,1,0,0
18, 13, 94, 66, 1013, 11, 13, 0.51, 0,1,0,0
21, 9, 94, 44, 1016, 11, 10, 7.87, 0,1,0,0
18, 11, 94, 51, 1011, 11, 11, 0.00, 0,1,0,0
17, 8, 93, 39, 1009, 11, 13, 1.02, 0,1,1,0
23, 13, 82, 25, 1010, 13, 19, 0.00, 0,1,0,0
24, 11, 88, 18, 1014, 12, 13, 0.00, 0,1,1,0
23, 11, 94, 26, 1017, 12, 13, 0.00, 0,1,1,0
23, 15, 94, 49, 1007, 10, 8, 0.76, 0,1,0,0
21, 16, 94, 61, 1004, 10, 16, 0.00, 0,1,0,0
19, 14, 94, 66, 1006, 10, 23, 4.06, 0,1,0,0
21, 13, 94, 56, 1010, 10, 10, 2.03, 0,1,0,0
22, 11, 100, 58, 1015, 11, 8, 0.00, 0,0,0,1
21, 13, 94, 47, 1016, 10, 11, 0.00, 0,1,0,0
20, 13, 88, 43, 1012, 12, 16, 0.00, 0,1,0,0
23, 11, 88, 29, 1011, 12, 19, 0.00, 0,1,0,0
26, 14, 94, 44, 1019, 19, 10, 0.00, 0,1,0,0
23, 15, 100, 64, 1012, 11, 8, 16.00, 0,1,1,0
25, 18, 94, 47, 1010, 10, 13, 2.03, 0,1,0,0
32, 15, 88, 18, 1005, 12, 16, 0.00, 0,1,0,0
24, 16, 94, 51, 1015, 12, 16, 0.00, 0,1,0,0
29, 19, 94, 58, 1019, 10, 8, 0.00, 0,0,0,1
26, 19, 68, 28, 1010, 11, 19, 0.00, 0,0,1,0
33, 20, 73, 18, 1015, 18, 8, 0.25, 0,1,0,0
31, 19, 78, 41, 1014, 16, 11, 0.00, 0,1,0,0
30, 20, 88, 42, 1014, 15, 11, 0.25, 0,1,1,0
29, 20, 100, 51, 1015, 10, 8, 0.00, 0,0,0,1
30, 20, 94, 54, 1012, 10, 8, 0.00, 0,1,0,1
29, 19, 100, 48, 1015, 10, 8, 0.00, 0,0,0,1
28, 18, 100, 46, 1017, 10, 6, 0.00, 0,0,0,1
30, 18, 94, 49, 1017, 11, 8, 0.00, 0,1,0,0
26, 19, 88, 52, 1018, 14, 8, 3.05, 0,1,1,0
29, 20, 94, 52, 1012, 10, 11, 7.87, 0,1,1,0
28, 18, 78, 34, 1011, 15, 10, 0.00, 0,1,0,0
28, 19, 88, 36, 1012, 11, 8, 0.51, 0,1,0,0
29, 17, 94, 47, 1014, 9, 8, 1.02, 0,1,1,0
27, 18, 94, 57, 1016, 10, 10, 3.05, 0,1,1,0
24, 20, 94, 70, 1015, 10, 13, 13.97, 0,1,1,0
27, 19, 94, 51, 1013, 12, 14, 0.00, 0,1,0,0
24, 17, 88, 36, 1011, 11, 18, 6.10, 0,1,1,0
23, 14, 94, 55, 1009, 10, 11, 2.03, 1,1,1,0
24, 17, 94, 62, 1012, 13, 10, 0.25, 0,1,1,0
26, 17, 88, 46, 1017, 11, 11, 0.00, 0,1,0,0
26, 15, 94, 43, 1017, 13, 13, 0.51, 0,1,1,0
24, 17, 100, 66, 1015, 10, 13, 0.25, 0,1,1,0
25, 17, 100, 61, 1019, 11, 10, 1.02, 0,1,0,0
21, 15, 94, 63, 1012, 11, 13, 39.88, 0,1,1,0
21, 14, 100, 54, 1010, 12, 13, 6.10, 0,1,1,0
22, 10, 88, 43, 1016, 10, 10, 2.03, 0,1,0,0
22, 13, 94, 48, 1013, 11, 10, 0.00, 0,1,0,0
17, 10, 88, 59, 1009, 13, 10, 2.03, 0,1,0,0
17, 9, 87, 62, 1014, 13, 11, 1.02, 0,1,0,0
27, 15, 83, 45, 1009, 12, 26, 1.02, 0,1,1,0
23, 14, 100, 64, 1014, 10, 6, 0.00, 0,0,0,1
19, 13, 100, 73, 1021, 10, 6, 2.03, 0,1,0,1
21, 11, 100, 60, 1018, 9, 8, 0.00, 0,1,0,1
21, 16, 94, 50, 1013, 11, 13, 0.00, 0,1,0,0
22, 13, 88, 54, 1016, 12, 11, 0.25, 0,1,0,0
22, 18, 94, 82, 1020, 9, 8, 0.51, 0,1,0,0
22, 14, 100, 35, 1018, 9, 19, 0.00, 0,1,1,0
21, 13, 100, 56, 1014, 11, 16, 0.00, 0,1,1,0
21, 14, 88, 70, 1014, 10, 23, 0.00, 0,1,0,0
22, 16, 100, 59, 1004, 8, 24, 11.94, 0,1,1,0
17, 13, 94, 40, 1007, 12, 24, 0.51, 0,1,0,0
14, 10, 100, 67, 1004, 11, 10, 2.03, 0,1,1,0
15, 6, 94, 38, 1008, 11, 8, 0.25, 0,1,1,0
17, 7, 93, 51, 1012, 12, 6, 0.25, 0,1,0,0
18, 7, 94, 58, 1012, 11, 19, 1.02, 0,1,1,0
14, 5, 93, 40, 1015, 9, 10, 0.00, 0,1,1,0
19, 16, 94, 78, 1015, 10, 16, 0.76, 0,1,0,0
20, 13, 94, 62, 1016, 11, 11, 0.51, 0,1,1,0
21, 12, 94, 64, 1020, 12, 11, 0.00, 0,1,0,0
19, 13, 94, 55, 1017, 13, 18, 0.25, 0,1,0,0
18, 12, 100, 67, 1014, 12, 13, 10.92, 0,1,1,0
18, 7, 100, 64, 1016, 8, 5, 0.00, 0,0,0,1
15, 4, 100, 58, 1010, 7, 11, 0.00, 0,0,0,1
