A, B, C, D, Label
 +1.538,  -0.715,  +1.694,   0.077, classA
 +1.723,   0.120,  +1.688,  -0.367, classA
 +1.307,  -1.177,  +1.672,   0.545, classA
 +1.697,   0.570,  +1.007,   1.480, classA
 +1.798,   0.294,  +1.540,   0.972, classA
 +1.480,   1.115,  +1.776,   0.527, classA
 +1.881,  -0.119,  +1.207,   1.447, classA
 +1.184,   1.506,  +1.122,   1.553, classA
 +0.159,   1.941,  +1.863,   0.566, classA
 +1.901,   0.547,  +1.714,   0.989, classA
 +0.945,   1.774,  +1.598,   1.220, classA
 -0.368,   2.008,  +1.933,   0.656, classA
 +0.942,   1.846,  +1.041,   1.792, classA
 +1.234,   1.705,  +2.102,   0.088, classA
 +1.401,   1.612,  +1.738,   1.242, classA
 +0.896,   1.973,  +1.880,   1.077, classA
 +0.767,   2.060,  +1.737,   1.347, classA
 -0.763,   2.095,  +1.122,   1.927, classA
 -0.048,   2.261,  +0.147,   2.257, classA
 +1.248,   1.924,  -0.017,   2.293, classA
 -0.145,   2.320,  -1.093,   2.051, classA
 +0.809,   2.212,  +0.115,   2.353, classA
 +1.148,   2.093,  +1.884,   1.465, classA
 +1.065,   2.171,  +2.278,   0.812, classA
 +1.008,   2.233,  +0.795,   2.317, classA
 +0.780,   2.355,  -0.732,   2.371, classA
 +0.200,   2.505,  -0.785,   2.387, classA
 +0.584,   2.476,  -0.126,   2.541, classA
 -1.837,   1.805,  +0.703,   2.478, classA
 +1.577,   2.076,  -0.528,   2.553, classA
 +1.727,   1.995,  +0.088,   2.637, classA
 -1.026,   2.465,  -1.337,   2.311, classA
 +0.428,   2.667,  -1.878,   1.941, classA
 -2.698,   0.432,  -0.167,   2.727, classA
 -0.513,   2.716,  -2.163,   1.720, classA
 -0.517,   2.747,  +0.400,   2.767, classA
 -0.531,   2.776,  +0.748,   2.726, classA
 -2.858,  -0.023,  -0.944,   2.698, classA
 +0.900,   2.746,  -2.869,  -0.342, classA
 -2.814,   0.785,  -2.699,   1.117, classA
 -2.491,   1.584,  -1.134,   2.726, classA
 -2.981,  -0.140,  -2.933,   0.548, classA
 -1.999,   2.258,  -1.926,   2.320, classA
 -2.992,  -0.574,  -1.451,   2.679, classA
 -2.309,   2.035,  -3.052,   0.402, classA
 -2.521,   1.821,  -2.734,  -1.481, classA
 -3.049,   0.754,  -3.087,   0.579, classA
 -3.086,   0.736,  -3.001,   1.030, classA
 -3.093,   0.835,  -2.997,   1.132, classA
 -1.612,   2.805,  -3.053,  -1.070, classA
 -3.195,   0.679,  -3.207,  -0.621, classA
 -2.947,  -1.481,  -3.092,   1.147, classA
 -2.343,   2.365,  -3.268,  -0.638, classA
 -3.228,  -0.935,  -1.638,  -2.935, classA
 -3.277,  -0.875,  -3.370,   0.391, classA
 -3.414,   0.262,  -2.674,  -2.138, classA
 -3.454,  -0.086,  -3.453,  -0.111, classA
 -3.401,  -0.767,  -3.414,   0.706, classA
 -0.158,  -3.514,  -2.617,  -2.351, classA
 -3.491,  -0.638,  -1.821,  -3.046, classA
 -3.458,  -0.930,  -3.423,  -1.052, classA
 +0.970,  -3.480,  -3.512,   0.843, classA
 -2.271,  -2.849,  +0.081,  -3.643, classA
 -3.675,  -0.019,  -1.338,  -3.423, classA
 -1.451,  -3.411,  -3.688,  -0.373, classA
 -2.843,  -2.427,  +1.369,  -3.478, classA
 -1.219,  -3.567,  -3.029,  -2.243, classA
 -2.954,  -2.392,  -2.318,  -3.012, classA
 -0.102,  -3.831,  -2.087,  -3.214, classA
 -2.648,  -2.813,  -0.053,  -3.863, classA
 -1.679,  -3.515,  -3.083,  -2.381, classA
 -1.037,  -3.787,  -0.636,  -3.874, classA
 -0.741,  -3.888,  +1.578,  -3.629, classA
 +2.376,  -3.205,  +1.200,  -3.804, classA
 +1.256,  -3.819,  +2.872,  -2.813, classA
 +0.969,  -3.934,  +3.514,  -2.018, classA
 +2.117,  -3.492,  +0.113,  -4.082, classA
 -0.009,  -4.115,  +3.019,  -2.796, classA
 -2.379,  -3.396,  +1.895,  -3.688, classA
 +1.214,  -3.997,  -1.596,  -3.861, classA
 +1.821,  -3.795,  -3.040,  -2.911, classA
 +1.988,  -3.745,  +0.454,  -4.216, classA
 +2.731,  -3.285,  +2.407,  -3.529, classA
 +2.915,  -3.166,  +3.204,  -2.873, classA
 +3.983,  -1.711,  -1.043,  -4.207, classA
 +1.740,  -4.005,  +4.186,  -1.243, classA
 +4.184,  -1.355,  +4.396,  -0.134, classA
 +3.205,  -3.056,  +4.379,  -0.663, classA
 +1.450,  -4.218,  +1.935,  -4.019, classA
 +1.130,  -4.347,  +3.606,   2.678, classA
 +3.380,  -3.006,  +4.226,  -1.613, classA
 +2.298,  -3.933,  +3.520,  -2.890, classA
 +3.139,  -3.343,  +4.284,   1.638, classA
 +1.642,  -4.316,  +4.481,  -1.114, classA
 +4.540,  -0.999,  +0.794,  -4.581, classA
 +2.504,  -3.954,  +2.902,  -3.672, classA
 +3.671,  -2.953,  +4.677,  -0.571, classA
 +4.639,  -0.988,  +3.771,   2.877, classA
 +1.472,   4.542,  +4.680,  -0.947, classA
 +3.364,   3.432,  +3.950,  -2.738, classA
 -1.455,  -0.871,  -1.529,  -0.734, classB
 -1.246,  -1.196,  -1.711,   0.233, classB
 -1.476,   0.956,  -1.733,  -0.302, classB
 -1.771,  -0.259,  -1.407,  -1.107, classB
 -1.581,  -0.905,  -1.442,   1.113, classB
 -1.661,  -0.821,  -0.727,  -1.704, classB
 -1.854,  -0.337,  -1.844,  -0.386, classB
 -1.888,  -0.327,  -1.910,  -0.145, classB
 -1.931,  -0.253,  -1.873,  -0.532, classB
 -1.928,  -0.444,  -1.326,  -1.468, classB
 -2.009,   0.056,  -1.731,   1.022, classB
 -1.379,  -1.505,  -0.828,  -1.866, classB
 -1.985,  -0.597,  -1.928,  -0.760, classB
 -1.745,  -1.176,  -0.358,  -2.074, classB
 -0.219,  -2.124,  +0.640,  -2.037, classB
 -1.001,  -1.922,  -0.224,  -2.155, classB
 -1.202,  -1.841,  -1.517,  -1.591, classB
 -0.021,  -2.230,  +0.612,  -2.144, classB
 +0.379,  -2.229,  -1.847,  -1.305, classB
 -0.705,  -2.182,  -0.396,  -2.258, classB
 +1.327,  -1.908,  +0.143,  -2.320, classB
 -1.071,  -2.098,  -1.824,  -1.491, classB
 +0.408,  -2.352,  -0.843,  -2.233, classB
 -0.774,  -2.291,  -2.203,  -0.998, classB
 +0.219,  -2.440,  -0.795,  -2.317, classB
 -1.041,  -2.252,  -2.037,  -1.417, classB
 -1.991,  -1.533,  +1.723,  -1.829, classB
 -0.908,  -2.376,  +0.640,  -2.462, classB
 -1.479,  -2.109,  +0.253,  -2.563, classB
 -0.654,  -2.524,  +0.483,  -2.562, classB
 +1.122,  -2.388,  +1.399,  -2.237, classB
 +0.240,  -2.659,  +1.462,  -2.234, classB
 +0.879,  -2.554,  +0.707,  -2.607, classB
 +1.982,  -1.881,  -0.519,  -2.683, classB
 +1.174,  -2.502,  +2.534,  -1.104, classB
 +1.487,  -2.367,  +0.643,  -2.720, classB
 +2.514,  -1.292,  +1.096,  -2.606, classB
 +2.269,  -1.738,  +2.514,  -1.360, classB
 +2.358,  -1.670,  +2.884,  -0.186, classB
 +1.530,  -2.488,  +2.106,  -2.024, classB
 +2.902,  -0.544,  +2.685,  -1.228, classB
 +2.976,  -0.219,  +1.679,  -2.467, classB
 +1.114,  -2.802,  +2.507,  -1.675, classB
 +1.545,  -2.626,  +2.254,  -2.050, classB
 +1.792,  -2.502,  +2.619,  -1.618, classB
 +2.711,   1.522,  +3.055,   0.582, classB
 +1.407,  -2.808,  +2.484,   1.923, classB
 +1.556,  -2.764,  +2.815,  -1.463, classB
 +2.465,  -2.047,  +3.053,  -0.971, classB
 +3.231,   0.155,  +3.180,  -0.597, classB
 +3.260,  -0.215,  +3.165,  -0.809, classB
 +2.747,  -1.825,  +1.961,   2.651, classB
 +3.329,  -0.035,  +3.100,  -1.215, classB
 +2.053,   2.661,  +3.200,   1.028, classB
 +3.390,   0.127,  +3.384,   0.240, classB
 +2.942,   1.751,  +2.480,   2.360, classB
 +2.133,   2.718,  +1.310,   3.197, classB
 +3.180,   1.430,  +3.456,   0.460, classB
 +0.733,   3.441,  +1.309,   3.265, classB
 +2.907,   2.037,  +2.904,   2.041, classB
 +3.573,   0.235,  +3.026,   1.915, classB
 +1.203,   3.406,  +3.609,  -0.158, classB
 -0.062,   3.643,  +3.326,   1.489, classB
 +2.106,   3.012,  +3.484,   1.169, classB
 +3.513,   1.182,  +2.853,   2.366, classB
 +3.021,   2.201,  +1.259,   3.519, classB
 +3.381,   1.667,  +3.709,   0.671, classB
 +1.364,   3.548,  +1.245,   3.591, classB
 +2.394,   2.992,  -0.053,   3.832, classB
 +0.896,   3.758,  -2.724,   2.740, classB
 +1.269,   3.683,  -2.034,   3.322, classB
 -0.198,   3.921,  +2.574,   2.965, classB
 +2.774,   2.823,  -3.030,   2.546, classB
 -3.378,   2.122,  +0.714,   3.925, classB
 +2.279,   3.312,  -0.991,   3.896, classB
 -1.046,   3.915,  +1.780,   3.640, classB
 -2.268,   3.395,  -2.902,   2.873, classB
 -3.846,   1.463,  +0.998,   3.992, classB
 -3.288,   2.527,  +0.144,   4.144, classB
 -1.056,   4.042,  +2.441,   3.390, classB
 +0.084,   4.208,  -0.054,   4.209, classB
 -3.243,   2.732,  +0.273,   4.232, classB
 -1.981,   3.785,  +1.947,   3.803, classB
 +0.235,   4.297,  -3.563,   2.413, classB
 -2.811,   3.300,  -0.589,   4.295, classB
 -4.122,   1.441,  -3.655,   2.388, classB
 -3.289,   2.919,  -1.199,   4.231, classB
 -1.574,   4.140,  -3.061,   3.201, classB
 -4.431,   0.509,  -3.206,   3.101, classB
 -2.750,   3.552,  -0.906,   4.400, classB
 -4.467,   0.711,  -2.560,   3.729, classB
 -0.891,   4.467,  -4.551,  -0.191, classB
 -2.601,   3.777,  -2.830,   3.609, classB
 -4.589,   0.508,  -3.717,   2.739, classB
 -3.926,   2.489,  -4.638,  -0.317, classB
 -4.641,  -0.603,  -3.804,   2.727, classB
 -4.468,   1.497,  -4.424,   1.622, classB
 -3.422,   3.284,  -4.685,   0.739, classB
 -4.048,   2.533,  -4.653,   1.068, classB
 -2.815,  -3.895,  -4.759,   0.672, classB
 +1.506,  -0.780,  +1.652,   0.383, classA
 +1.306,   1.131,  +1.539,  -0.783, classA
 +1.463,  -0.976,  +1.710,  -0.410, classA
 +1.675,  -0.631,  +1.787,   0.109, classA
 +1.809,  -0.211,  +1.295,   1.281, classA
 +1.849,   0.113,  +0.848,   1.647, classA
 +1.839,   0.413,  +1.870,   0.230, classA
 +1.390,   1.319,  +0.357,   1.882, classA
 +0.994,   1.675,  +0.506,   1.880, classA
 +0.699,   1.851,  +1.559,   1.219, classA
 +1.767,   0.957,  +0.517,   1.942, classA
 +1.193,   1.656,  +0.200,   2.032, classA
 +1.545,   1.381,  +1.458,   1.473, classA
 +1.705,   1.233,  +1.852,   0.999, classA
 +2.112,  -0.319,  +2.053,   0.587, classA
 +1.660,   1.393,  +1.644,   1.412, classA
 -0.143,   2.194,  +0.406,   2.161, classA
 +1.299,   1.812,  +0.349,   2.202, classA
 +1.500,   1.692,  +0.791,   2.119, classA
 -1.002,   2.062,  -0.262,   2.278, classA
 -0.302,   2.304,  +1.947,   1.270, classA
 -1.104,   2.081,  +0.033,   2.355, classA
 +2.296,   0.654,  +0.376,   2.357, classA
 -0.909,   2.241,  +1.314,   2.030, classA
 -0.012,   2.450,  +0.148,   2.445, classA
 -0.519,   2.426,  -0.709,   2.378, classA
 +0.418,   2.478,  -1.180,   2.218, classA
 -0.385,   2.515,  +0.438,   2.506, classA
 -0.107,   2.573,  +1.503,   2.092, classA
 +0.199,   2.599,  -1.922,   1.761, classA
 +0.863,   2.493,  -0.427,   2.603, classA
 -1.110,   2.428,  -2.428,   1.111, classA
 -2.110,   1.687,  -0.989,   2.513, classA
 +0.376,   2.707,  +0.364,   2.708, classA
 -0.879,   2.620,  -0.908,   2.610, classA
 -0.345,   2.774,  -0.446,   2.760, classA
 -1.375,   2.470,  -0.395,   2.799, classA
 -1.809,   2.213,  -1.784,   2.233, classA
 -2.889,  -0.041,  -1.968,   2.116, classA
 -2.910,  -0.255,  -2.638,   1.254, classA
 -2.933,   0.337,  -1.992,   2.179, classA
 -2.797,   1.040,  -2.981,   0.138, classA
 -1.925,   2.320,  -2.687,   1.369, classA
 -1.017,   2.872,  -2.984,  -0.613, classA
 -3.078,  -0.023,  -2.708,   1.463, classA
 -2.990,   0.853,  -2.259,   2.137, classA
 -2.185,   2.256,  -1.916,   2.489, classA
 -2.854,   1.384,  -3.141,   0.442, classA
 -2.778,   1.596,  -3.064,  -0.935, classA
 -3.231,   0.155,  -2.325,  -2.250, classA
 -1.986,  -2.594,  -3.190,   0.703, classA
 -3.165,   0.928,  -3.267,  -0.452, classA
 -1.862,  -2.760,  -3.163,   1.039, classA
 -2.279,  -2.471,  -2.976,   1.561, classA
 -2.790,  -1.929,  -0.184,  -3.387, classA
 -1.836,  -2.890,  -0.570,  -3.376, classA
 -2.408,  -2.478,  -3.413,  -0.540, classA
 -2.954,  -1.853,  -3.344,  -0.986, classA
 -3.446,  -0.706,  -2.701,  -2.254, classA
 -1.420,  -3.253,  -3.539,  -0.269, classA
 -2.636,  -2.424,  -2.046,  -2.939, classA
 -2.300,  -2.786,  -2.959,   2.072, classA
 -2.343,  -2.791,  -3.405,  -1.297, classA
 -2.131,  -2.994,  -1.689,  -3.264, classA
 -2.954,  -2.239,  -1.625,  -3.331, classA
 -3.627,   0.905,  -3.130,  -2.043, classA
 -2.317,  -2.973,  +0.975,  -3.641, classA
 -0.154,  -3.798,  -3.661,  -1.020, classA
 -3.822,   0.280,  -1.166,  -3.650, classA
 -3.515,  -1.604,  -0.137,  -3.861, classA
 -2.580,  -2.918,  -0.958,  -3.775, classA
 -2.723,  -2.829,  -0.047,  -3.926, classA
 +2.225,  -3.273,  -1.843,  -3.503, classA
 -2.590,  -3.034,  +1.196,  -3.806, classA
 -1.023,  -3.888,  -1.797,  -3.597, classA
 +0.297,  -4.041,  +1.035,  -3.918, classA
 +2.594,  -3.154,  +0.947,  -3.972, classA
 -0.705,  -4.054,  +2.983,  -2.834, classA
 -1.881,  -3.695,  -0.362,  -4.130, classA
 +0.084,  -4.177,  -0.815,  -4.097, classA
 +1.774,  -3.817,  -3.657,  -2.083, classA
 +0.188,  -4.236,  +2.164,  -3.647, classA
 +0.033,  -4.272,  +2.905,  -3.132, classA
 +3.116,  -2.969,  -1.786,  -3.915, classA
 +2.770,  -3.334,  +0.990,  -4.220, classA
 +3.026,  -3.147,  +4.128,   1.421, classA
 +4.155,  -1.440,  +1.490,  -4.137, classA
 +3.913,  -2.075,  +1.102,  -4.290, classA
 +4.097,  -1.764,  +2.779,  -3.489, classA
 +0.077,  -4.491,  +2.926,  -3.408, classA
 +2.515,  -3.760,  +4.474,  -0.666, classA
 +1.870,  -4.153,  +4.469,   0.881, classA
 +4.104,  -2.047,  +3.852,  -2.489, classA
 +4.540,  -0.842,  +4.607,  -0.315, classA
 +4.373,   1.578,  +4.511,   1.124, classA
 +3.668,  -2.907,  +4.644,  -0.585, classA
 +4.573,   1.135,  +4.678,   0.563, classA
 +4.628,   1.041,  +3.899,  -2.701, classA
 +4.120,  -2.414,  +4.163,   2.338, classA
 +3.441,   3.355,  +4.576,   1.470, classA
 -1.596,   0.574,  -1.631,   0.463, classB
 -1.726,  -0.058,  -1.410,   0.998, classB
 -1.674,  -0.540,  -1.745,  -0.220, classB
 -1.785,  -0.139,  -1.735,   0.441, classB
 -1.614,  -0.844,  -1.700,  -0.654, classB
 -1.694,   0.750,  -0.659,  -1.732, classB
 -1.415,  -1.244,  -1.326,  -1.339, classB
 -1.905,   0.205,  -1.377,  -1.332, classB
 -1.530,  -1.204,  -1.912,  -0.369, classB
 -0.579,  -1.892,  -1.911,  -0.512, classB
 -1.556,  -1.272,  -1.482,  -1.357, classB
 -1.301,  -1.573,  -2.002,  -0.398, classB
 -2.072,  -0.064,  -0.439,  -2.026, classB
 -2.097,   0.175,  -1.587,  -1.382, classB
 -0.185,  -2.128,  -1.502,  -1.518, classB
 -1.269,  -1.757,  +0.980,  -1.933, classB
 -1.202,  -1.841,  -0.355,  -2.170, classB
 -0.132,  -2.226,  -0.407,  -2.192, classB
 -2.157,  -0.680,  -1.501,  -1.691, classB
 -0.444,  -2.249,  -1.346,  -1.856, classB
 -1.862,  -1.390,  +0.837,  -2.168, classB
 +0.969,  -2.147,  -0.889,  -2.181, classB
 -1.030,  -2.153,  -1.196,  -2.066, classB
 +0.621,  -2.337,  -1.473,  -1.918, classB
 +2.044,  -1.351,  +1.508,  -1.931, classB
 +0.469,  -2.436,  -1.101,  -2.223, classB
 +0.136,  -2.509,  +0.196,  -2.505, classB
 -0.859,  -2.395,  -0.956,  -2.358, classB
 +0.728,  -2.470,  +1.840,  -1.803, classB
 -0.615,  -2.533,  +0.699,  -2.511, classB
 +0.407,  -2.607,  -0.307,  -2.620, classB
 +1.391,  -2.279,  +0.489,  -2.625, classB
 -2.016,  -1.797,  +0.084,  -2.700, classB
 +2.055,  -1.801,  +1.608,  -2.209, classB
 +2.027,  -1.879,  -1.378,  -2.396, classB
 +0.962,  -2.625,  +2.382,  -1.462, classB
 +2.336,  -1.592,  +2.290,  -1.657, classB
 +2.492,  -1.399,  +1.369,  -2.509, classB
 +2.365,  -1.661,  +1.656,  -2.368, classB
 +2.162,  -1.964,  +2.253,  -1.859, classB
 +2.417,  -1.695,  -0.028,  -2.952, classB
 +2.982,  -0.109,  +2.964,   0.340, classB
 +2.708,   1.325,  -0.755,  -2.919, classB
 +3.018,  -0.418,  +2.831,  -1.125, classB
 -0.032,  -3.078,  +3.044,  -0.459, classB
 +2.809,  -1.334,  +2.042,  -2.345, classB
 +3.137,  -0.153,  +2.953,   1.071, classB
 +2.595,  -1.825,  +2.777,  -1.534, classB
 +3.099,  -0.814,  +3.200,  -0.152, classB
 +2.217,   2.356,  +3.205,  -0.438, classB
 +2.924,  -1.457,  +3.005,  -1.282, classB
 +3.148,  -0.984,  +3.190,  -0.837, classB
 +3.329,  -0.058,  +2.207,   2.492, classB
 +2.672,  -2.038,  +3.200,  -1.028, classB
 +2.107,   2.658,  +2.811,   1.899, classB
 +3.402,  -0.386,  +2.122,   2.686, classB
 +3.427,  -0.439,  +3.098,   1.529, classB
 +2.723,   2.177,  +2.962,   1.839, classB
 +2.311,   2.652,  +2.113,   2.813, classB
 +3.472,   0.738,  +3.329,   1.232, classB
 +2.984,   1.979,  +2.818,   2.209, classB
 +2.424,   2.678,  +3.338,   1.380, classB
 +2.649,   2.502,  -0.102,   3.642, classB
 +3.500,   1.120,  +0.793,   3.589, classB
 +0.692,   3.641,  +0.711,   3.638, classB
 -1.911,   3.213,  +2.974,   2.265, classB
 +1.725,   3.351,  +3.749,   0.393, classB
 -0.096,   3.799,  +0.595,   3.754, classB
 +1.275,   3.614,  +2.023,   3.255, classB
 -0.317,   3.850,  +0.293,   3.852, classB
 +1.165,   3.717,  -1.998,   3.344, classB
 +2.838,   2.713,  -0.478,   3.897, classB
 -0.869,   3.861,  +0.096,   3.957, classB
 +0.474,   3.961,  +2.189,   3.335, classB
 +2.195,   3.369,  -2.875,   2.810, classB
 -3.853,   1.255,  +2.553,   3.146, classB
 +2.181,   3.452,  -2.392,   3.310, classB
 -0.046,   4.115,  +3.405,   2.310, classB
 +1.186,   3.973,  +1.783,   3.743, classB
 -3.950,   1.360,  -0.339,   4.164, classB
 -2.819,   3.125,  -2.709,   3.221, classB
 +1.099,   4.096,  -1.433,   3.991, classB
 -4.172,   0.917,  -2.505,   3.460, classB
 -1.450,   4.052,  -2.089,   3.762, classB
 -0.936,   4.233,  -1.838,   3.926, classB
 -3.290,   2.870,  -3.095,   3.080, classB
 -4.356,   0.604,  -4.106,   1.574, classB
 -3.959,   1.985,  -3.804,   2.269, classB
 -1.920,   4.026,  -2.130,   3.919, classB
 -3.926,   2.182,  -4.460,   0.536, classB
 -2.569,   3.723,  -3.514,   2.848, classB
 -3.872,   2.398,  -2.731,   3.645, classB
 -3.752,   2.637,  -4.304,   1.584, classB
 -4.510,  -0.991,  -4.104,   2.116, classB
 -4.611,  -0.596,  -4.137,  -2.122, classB
 -3.455,   3.157,  -4.663,   0.401, classB
 -2.393,   4.059,  -3.214,   3.446, classB
 -3.737,   2.921,  -4.458,   1.620, classB
 -4.674,  -0.976,  -3.692,   3.028, classB
 -4.106,  -2.497,  -3.757,   2.998, classB
 +1.326,   1.057,  +0.854,   1.465, classA
 +1.645,  -0.525,  +0.834,  -1.512, classA
 +1.667,   0.560,  +1.745,  -0.219, classA
 +1.773,  -0.245,  +1.753,   0.363, classA
 +1.779,   0.392,  +0.921,   1.571, classA
 +1.623,   0.893,  +1.534,  -1.039, classA
 +1.733,  -0.739,  +1.263,   1.398, classA
 +1.834,   0.555,  +1.876,  -0.386, classA
 +1.558,   1.168,  +1.873,  -0.533, classA
 +0.705,   1.849,  +1.137,   1.619, classA
 +1.874,   0.727,  +2.001,   0.192, classA
 +2.030,   0.214,  +0.852,   1.855, classA
 +1.388,   1.539,  +1.274,   1.635, classA
 +2.095,   0.191,  +2.033,   0.544, classA
 +1.973,   0.817,  +1.328,   1.672, classA
 +1.632,   1.425,  +0.682,   2.057, classA
 +1.123,   1.890,  +1.958,   1.000, classA
 -0.210,   2.220,  +1.908,   1.154, classA
 +0.854,   2.094,  +1.431,   1.751, classA
 -0.386,   2.260,  +0.792,   2.152, classA
 +2.160,   0.859,  -0.668,   2.226, classA
 +0.953,   2.154,  +0.082,   2.354, classA
 +1.037,   2.150,  +1.602,   1.770, classA
 +0.356,   2.392,  -0.540,   2.357, classA
 -0.393,   2.418,  -1.805,   1.656, classA
 +0.960,   2.288,  +0.098,   2.479, classA
 +0.686,   2.417,  +0.643,   2.429, classA
 -2.510,   0.418,  -0.153,   2.539, classA
 +0.154,   2.571,  +0.820,   2.441, classA
 +0.958,   2.425,  -1.028,   2.396, classA
 -0.564,   2.577,  +0.970,   2.453, classA
 -1.840,   1.935,  -2.486,   0.972, classA
 +0.388,   2.673,  -1.648,   2.140, classA
 -0.678,   2.647,  -2.144,   1.694, classA
 -2.231,   1.631,  -2.342,   1.468, classA
 -2.500,   1.251,  -1.205,   2.522, classA
 -2.360,   1.556,  -2.305,   1.637, classA
 -1.774,   2.241,  -0.726,   2.765, classA
 -2.602,   1.256,  -2.538,   1.381, classA
 -2.576,   1.377,  -2.383,   1.689, classA
 -2.864,   0.718,  -1.695,   2.417, classA
 -2.400,   1.773,  -2.583,   1.494, classA
 -2.690,   1.361,  -2.941,  -0.667, classA
 -2.989,   0.589,  -2.575,   1.628, classA
 -1.502,   2.687,  -2.654,   1.559, classA
 -2.966,   0.933,  -2.651,  -1.625, classA
 -3.137,  -0.147,  -0.291,   3.127, classA
 -3.064,  -0.824,  -3.025,  -0.957, classA
 -2.952,  -1.246,  -3.193,   0.266, classA
 -3.226,  -0.249,  -3.231,   0.162, classA
 -3.214,   0.585,  -2.436,   2.177, classA
 -3.296,   0.103,  -2.802,   1.739, classA
 -3.017,   1.408,  -3.311,  -0.350, classA
 -3.228,  -0.934,  -3.355,   0.190, classA
 -2.776,   1.949,  -3.179,  -1.184, classA
 -3.368,  -0.614,  -3.328,  -0.804, classA
 -2.540,  -2.343,  -3.420,  -0.490, classA
 -0.064,  -3.486,  -3.471,   0.326, classA
 -2.463,  -2.512,  -1.297,  -3.270, classA
 -1.945,  -2.969,  -3.549,   0.001, classA
 -3.514,  -0.686,  -3.016,  -1.930, classA
 -3.604,   0.248,  -2.940,  -2.099, classA
 -2.189,  -2.912,  -3.638,   0.201, classA
 -0.896,  -3.564,  -0.973,  -3.544, classA
 +1.289,  -3.475,  -1.638,  -3.325, classA
 -1.250,  -3.523,  -0.301,  -3.726, classA
 -2.750,  -2.578,  -0.817,  -3.680, classA
 -3.271,  -1.935,  -2.555,  -2.814, classA
 -2.461,  -2.937,  +0.109,  -3.831, classA
 +0.251,  -3.855,  -2.748,  -2.715, classA
 +0.421,  -3.872,  +0.531,  -3.859, classA
 +1.157,  -3.752,  -2.189,  -3.259, classA
 +1.219,  -3.765,  -3.338,  -2.126, classA
 +1.183,  -3.810,  +1.073,  -3.842, classA
 -2.219,  -3.353,  +1.371,  -3.780, classA
 +1.637,  -3.707,  +0.658,  -3.998, classA
 +0.990,  -3.961,  +1.547,  -3.779, classA
 +0.344,  -4.100,  +1.505,  -3.830, classA
 -0.284,  -4.137,  +2.940,  -2.924, classA
 +2.127,  -3.596,  -1.269,  -3.980, classA
 +1.104,  -4.062,  +3.032,  -2.919, classA
 +0.945,  -4.134,  -1.615,  -3.921, classA
 +3.652,  -2.216,  +0.200,  -4.267, classA
 +3.745,  -2.119,  +1.308,  -4.100, classA
 +4.291,  -0.612,  -2.879,  -3.240, classA
 +4.079,  -1.556,  +0.288,  -4.357, classA
 +3.206,  -3.010,  +3.403,  -2.786, classA
 -1.545,  -4.151,  +2.689,  -3.519, classA
 -1.534,  -4.188,  +4.320,  -1.110, classA
 +4.405,  -0.881,  +4.454,  -0.582, classA
 +4.523,  -0.020,  +3.425,  -2.955, classA
 +3.735,  -2.607,  +3.543,  -2.862, classA
 +4.172,  -1.904,  +0.490,  -4.560, classA
 +4.022,   2.269,  +2.914,  -3.582, classA
 +4.327,  -1.700,  +4.049,  -2.284, classA
 +3.771,  -2.773,  +1.599,  -4.399, classA
 +4.108,   2.307,  +4.505,  -1.381, classA
 +4.735,  -0.280,  +3.394,  -3.314, classA
 +0.484,  -4.750,  +4.700,   0.838, classA
 +4.252,   2.241,  +4.783,  -0.472, classA
 -1.681,   0.227,  -1.695,  -0.047, classB
 -1.715,   0.205,  -1.726,  -0.055, classB
 -1.756,  -0.091,  -1.658,  -0.586, classB
 -1.666,   0.655,  -1.326,   1.202, classB
 -1.196,  -1.374,  -1.757,  -0.480, classB
 -1.633,  -0.875,  -1.700,  -0.736, classB
 -1.540,  -1.086,  -1.659,   0.894, classB
 -1.400,  -1.307,  -1.672,   0.936, classB
 -1.855,  -0.592,  -0.626,  -1.844, classB
 -1.659,  -1.078,  -1.731,  -0.958, classB
 -1.894,  -0.673,  -0.140,  -2.005, classB
 +0.103,  -2.039,  -1.817,  -0.931, classB
 -1.136,  -1.734,  -1.638,  -1.270, classB
 -0.892,  -1.906,  -2.072,  -0.368, classB
 -1.802,  -1.147,  -2.009,   0.725, classB
 -1.812,  -1.188,  -0.948,  -1.949, classB
 +0.546,  -2.130,  -2.047,  -0.801, classB
 -1.305,  -1.808,  -0.192,  -2.222, classB
 +0.320,  -2.238,  +0.112,  -2.258, classB
 -1.148,  -1.984,  -1.256,  -1.918, classB
 -0.604,  -2.244,  -1.250,  -1.959, classB
 -0.096,  -2.354,  -0.327,  -2.333, classB
 -0.121,  -2.384,  -1.203,  -2.061, classB
 -1.553,  -1.853,  -2.113,  -1.176, classB
 -0.129,  -2.446,  -0.811,  -2.312, classB
 -0.322,  -2.460,  +1.522,  -1.959, classB
 -1.496,  -2.019,  +0.625,  -2.434, classB
 -1.904,  -1.687,  -0.498,  -2.495, classB
 +2.332,  -1.094,  +0.509,  -2.525, classB
 +0.064,  -2.606,  +2.154,  -1.468, classB
 +2.205,  -1.449,  +1.809,  -1.921, classB
 +0.983,  -2.482,  +2.605,  -0.586, classB
 +1.099,  -2.468,  +0.520,  -2.651, classB
 +2.104,  -1.743,  +1.569,  -2.237, classB
 +2.172,  -1.709,  +2.329,  -1.488, classB
 +2.389,  -1.452,  +2.088,  -1.859, classB
 +1.784,  -2.192,  -1.100,  -2.604, classB
 +2.391,  -1.565,  +0.764,  -2.754, classB
 +2.477,   1.489,  +1.598,  -2.408, classB
 +1.351,  -2.590,  +2.736,  -1.023, classB
 +0.772,  -2.850,  +2.932,  -0.343, classB
 +2.290,  -1.913,  +2.935,   0.539, classB
 +2.783,  -1.159,  +2.902,  -0.820, classB
 +2.937,  -0.809,  +2.491,  -1.754, classB
 +2.480,  -1.824,  +2.649,  -1.568, classB
 +2.754,  -1.444,  +2.684,  -1.570, classB
 +1.731,  -2.621,  +2.676,   1.645, classB
 +2.656,  -1.735,  +2.989,  -1.063, classB
 +1.446,  -2.859,  +2.321,   2.209, classB
 +2.305,  -2.271,  +2.985,   1.248, classB
 +3.150,  -0.865,  +2.531,  -2.065, classB
 +3.148,  -0.983,  +2.302,   2.362, classB
 +3.293,  -0.490,  +2.864,   1.698, classB
 +3.187,   1.068,  +3.359,   0.099, classB
 +2.452,   2.344,  +3.375,  -0.340, classB
 +3.322,   0.829,  +3.381,  -0.538, classB
 +3.322,   0.949,  +3.298,  -1.030, classB
 +3.456,   0.459,  +3.089,   1.617, classB
 +3.149,   1.568,  +3.406,   0.881, classB
 +2.284,   2.717,  +3.232,  -1.466, classB
 +3.002,   1.951,  +2.993,   1.965, classB
 +3.283,   1.506,  +3.386,   1.258, classB
 +2.903,   2.203,  +2.704,   2.443, classB
 +1.845,   3.178,  +0.387,   3.655, classB
 +2.745,   2.490,  +0.045,   3.706, classB
 +2.917,   2.337,  +3.205,   1.923, classB
 +0.854,   3.671,  +2.172,   3.080, classB
 +1.477,   3.502,  +3.698,  -0.877, classB
 +0.967,   3.708,  -0.166,   3.828, classB
 +3.725,   1.023,  +0.151,   3.861, classB
 +1.443,   3.618,  -3.121,   2.331, classB
 +2.678,   2.871,  +0.426,   3.903, classB
 +1.353,   3.719,  -0.509,   3.925, classB
 +1.799,   3.561,  -0.994,   3.863, classB
 -0.179,   4.017,  -2.530,   3.125, classB
 -1.747,   3.656,  +2.358,   3.295, classB
 +0.097,   4.082,  +2.834,   2.940, classB
 +1.541,   3.815,  +0.782,   4.040, classB
 -0.189,   4.142,  +1.456,   3.882, classB
 -1.956,   3.692,  -2.574,   3.290, classB
 -3.039,   2.912,  -2.753,   3.184, classB
 -4.094,   1.107,  -0.971,   4.128, classB
 -1.241,   4.088,  +0.205,   4.267, classB
 -1.503,   4.032,  -2.365,   3.595, classB
 +1.655,   4.006,  -3.839,   2.013, classB
 -2.934,   3.233,  +2.187,   3.779, classB
 -3.646,   2.459,  -4.257,   1.103, classB
 -3.832,   2.221,  -3.533,   2.671, classB
 -2.066,   3.953,  -3.917,   2.134, classB
 -3.420,   2.912,  -2.637,   3.636, classB
 -3.630,   2.699,  -3.577,   2.769, classB
 -4.500,   0.705,  -4.555,  -0.022, classB
 -3.299,   3.186,  -3.850,   2.492, classB
 -4.614,   0.166,  -3.840,   2.564, classB
 -2.899,   3.635,  -4.631,   0.411, classB
 -4.571,   1.005,  -4.559,  -1.058, classB
 -1.926,   4.300,  -2.908,  -3.707, classB
 -4.586,   1.213,  -4.691,  -0.700, classB
 -3.957,   2.672,  -4.341,  -1.988, classB
 -4.227,   2.287,  -4.280,   2.187, classB
 +1.147,   1.249,  +1.369,   1.001, classA
 +1.624,   0.589,  +1.658,  -0.484, classA
 +1.639,  -0.637,  +1.759,  -0.006, classA
 +1.328,   1.201,  +1.733,   0.447, classA
 +1.795,  -0.310,  +1.739,   0.543, classA
 +1.823,  -0.329,  +1.718,   0.694, classA
 +1.711,  -0.790,  +1.183,   1.467, classA
 +1.285,   1.421,  +0.644,   1.804, classA
 +0.995,   1.673,  +1.940,  -0.166, classA
 +1.890,   0.584,  +1.809,   0.801, classA
 +1.866,   0.748,  +1.056,   1.710, classA
 +1.938,  -0.643,  +1.301,   1.573, classA
 +1.812,   1.007,  +1.959,   0.678, classA
 +1.717,  -1.217,  +1.536,   1.439, classA
 +0.569,   2.058,  +1.593,   1.423, classA
 +1.066,   1.887,  +1.679,   1.370, classA
 +2.173,   0.332,  +1.956,   1.004, classA
 +1.764,   1.365,  +1.502,   1.648, classA
 +0.061,   2.260,  +2.074,   0.901, classA
 +1.353,   1.851,  +2.028,   1.070, classA
 -1.034,   2.081,  -0.265,   2.309, classA
 -0.335,   2.332,  +1.117,   2.074, classA
 +1.379,   1.948,  +0.320,   2.365, classA
 +2.325,   0.664,  +2.062,   1.264, classA
 -0.469,   2.404,  +1.316,   2.066, classA
 +2.320,   0.880,  +2.319,   0.882, classA
 +1.722,   1.829,  +1.053,   2.281, classA
 -0.298,   2.526,  -0.369,   2.517, classA
 -2.563,   0.258,  -2.348,   1.057, classA
 -0.968,   2.421,  +1.123,   2.353, classA
 -0.477,   2.595,  -1.411,   2.229, classA
 -2.127,   1.614,  -1.060,   2.450, classA
 -1.215,   2.412,  -0.725,   2.602, classA
 -2.488,   1.129,  -1.037,   2.528, classA
 +0.194,   2.757,  -1.837,   2.065, classA
 -2.389,   1.452,  -2.555,   1.135, classA
 -0.587,   2.765,  -2.438,   1.431, classA
 -2.253,   1.759,  -1.832,   2.194, classA
 -2.817,  -0.643,  -1.806,   2.256, classA
 -1.988,   2.140,  -1.674,   2.394, classA
 -1.644,   2.452,  -2.404,   1.713, classA
 +0.888,   2.849,  -2.873,   0.807, classA
 -2.981,   0.455,  -0.683,   2.937, classA
 -2.898,   0.940,  -2.804,   1.192, classA
 -2.851,   1.159,  -3.012,   0.632, classA
 -2.902,   1.116,  -2.071,   2.320, classA
 -2.400,   2.027,  -2.554,   1.828, classA
 -2.945,   1.179,  -0.759,  -3.080, classA
 -3.204,   0.012,  -2.646,   1.806, classA
 -2.854,  -1.523,  -3.194,   0.516, classA
 -3.075,   1.101,  -1.999,   2.584, classA
 -3.071,  -1.203,  -3.288,   0.262, classA
 -3.082,  -1.259,  -2.139,  -2.551, classA
 -0.383,  -3.339,  -3.282,  -0.723, classA
 -2.510,   2.282,  -3.338,  -0.604, classA
 -3.162,   1.313,  -3.300,  -0.910, classA
 -3.238,  -1.206,  -3.378,  -0.727, classA
 -1.982,  -2.868,  -3.482,  -0.176, classA
 -3.500,   0.354,  -3.416,  -0.842, classA
 -2.932,  -2.000,  -1.696,  -3.118, classA
 -3.470,  -0.882,  -3.090,  -1.810, classA
 -0.763,  -3.531,  -2.004,  -3.005, classA
 -2.532,  -2.620,  -3.091,  -1.929, classA
 -3.172,  -1.856,  -0.642,  -3.618, classA
 -1.874,  -3.198,  -1.405,  -3.430, classA
 -1.863,  -3.241,  -3.720,  -0.368, classA
 -0.273,  -3.759,  -3.765,  -0.189, classA
 -1.451,  -3.513,  -2.365,  -2.975, classA
 -0.980,  -3.705,  +0.326,  -3.818, classA
 +1.138,  -3.692,  -2.293,  -3.110, classA
 -0.405,  -3.874,  -3.452,  -1.804, classA
 -2.824,  -2.728,  -2.820,  -2.732, classA
 +0.823,  -3.871,  -1.069,  -3.811, classA
 +0.789,  -3.910,  -0.287,  -3.979, classA
 -2.472,  -3.171,  -3.478,  -2.018, classA
 +2.068,  -3.485,  +1.280,  -3.845, classA
 +0.403,  -4.064,  -1.298,  -3.872, classA
 +1.088,  -3.968,  -0.231,  -4.108, classA
 +4.063,  -0.826,  -0.243,  -4.139, classA
 +4.033,  -1.089,  -2.223,  -3.537, classA
 +0.020,  -4.209,  +0.958,  -4.099, classA
 -0.144,  -4.238,  +1.871,  -3.805, classA
 +2.799,  -3.227,  +2.990,  -3.051, classA
 +0.477,  -4.277,  +3.683,  -2.225, classA
 +4.333,   0.126,  +4.102,  -1.400, classA
 +3.382,  -2.762,  +2.478,  -3.595, classA
 +3.536,  -2.614,  +0.325,  -4.386, classA
 +1.872,  -4.014,  +0.349,  -4.415, classA
 +1.749,  -4.103,  +2.511,  -3.686, classA
 +4.298,   1.305,  +4.025,  -1.994, classA
 +2.131,  -3.990,  +3.433,  -2.945, classA
 +4.318,  -1.448,  +4.536,   0.416, classA
 +4.557,   0.514,  +4.114,  -2.027, classA
 +3.883,   2.499,  +4.291,   1.706, classA
 +4.196,  -2.002,  +3.943,   2.462, classA
 +4.289,   1.875,  +0.257,  -4.673, classA
 +4.170,  -2.193,  +3.855,  -2.710, classA
 +4.724,   0.421,  +4.731,   0.332, classA
 +3.364,  -3.388,  +4.245,  -2.186, classA
 +2.606,  -4.038,  +4.784,  -0.462, classA
 -1.610,  -0.532,  -1.437,  -0.901, classB
 -1.446,  -0.945,  -1.726,   0.066, classB
 -1.742,   0.239,  -1.267,  -1.220, classB
 -1.493,  -0.988,  -1.772,   0.251, classB
 -1.483,  -1.058,  -1.797,  -0.299, classB
 -1.725,   0.676,  -1.828,   0.305, classB
 -1.362,  -1.303,  -1.615,  -0.970, classB
 -1.334,  -1.375,  -1.637,  -0.996, classB
 -1.453,  -1.296,  -0.955,  -1.697, classB
 -0.533,  -1.905,  -1.952,  -0.323, classB
 -1.178,  -1.628,  -1.494,  -1.345, classB
 -1.788,  -0.985,  -1.453,  -1.433, classB
 -1.932,  -0.750,  -1.349,  -1.574, classB
 -1.718,  -1.215,  -0.666,  -1.996, classB
 +0.436,  -2.091,  -1.867,  -1.037, classB
 -0.371,  -2.135,  -1.881,  -1.077, classB
 -2.008,  -0.896,  -1.105,  -1.901, classB
 +0.222,  -2.219,  -1.195,  -1.883, classB
 -1.858,  -1.288,  -1.728,  -1.459, classB
 +0.902,  -2.108,  +1.074,  -2.026, classB
 -0.940,  -2.126,  -2.263,  -0.528, classB
 -0.490,  -2.304,  -1.146,  -2.058, classB
 -0.834,  -2.236,  +0.299,  -2.368, classB
 +0.623,  -2.337,  -1.886,  -1.514, classB
 +0.661,  -2.359,  -1.313,  -2.068, classB
 -0.384,  -2.451,  -0.720,  -2.374, classB
 -0.301,  -2.495,  +0.255,  -2.500, classB
 -0.117,  -2.541,  +2.360,  -0.951, classB
 +2.497,  -0.630,  -0.844,  -2.433, classB
 -0.360,  -2.582,  +0.249,  -2.595, classB
 -0.099,  -2.636,  +0.591,  -2.571, classB
 +0.367,  -2.644,  +1.777,  -1.993, classB
 +2.355,  -1.322,  +2.158,  -1.624, classB
 +0.113,  -2.730,  +0.640,  -2.656, classB
 +2.145,  -1.743,  +1.798,  -2.099, classB
 +0.762,  -2.689,  +2.695,  -0.741, classB
 +0.166,  -2.822,  -1.625,  -2.313, classB
 +2.813,  -0.504,  +2.311,  -1.682, classB
 +0.626,  -2.821,  +2.786,  -0.768, classB
 +1.591,  -2.450,  +1.553,  -2.474, classB
 +2.861,  -0.730,  +1.132,  -2.727, classB
 +1.263,  -2.703,  +2.543,  -1.561, classB
 +2.928,  -0.721,  +2.931,   0.710, classB
 +2.950,  -0.763,  +1.934,  -2.354, classB
 +3.068,  -0.243,  +3.031,  -0.539, classB
 +3.000,   0.818,  +1.147,  -2.890, classB
 +2.463,  -1.949,  +2.656,  -1.676, classB
 +1.946,   2.506,  +3.049,  -0.875, classB
 +3.202,  -0.112,  +3.192,  -0.270, classB
 +3.039,   1.109,  +3.162,  -0.684, classB
 +3.048,   1.175,  +2.453,  -2.157, classB
 +2.987,  -1.398,  +2.957,  -1.460, classB
 +2.859,   1.706,  +3.001,   1.443, classB
 +3.288,   0.695,  +1.285,   3.105, classB
 +3.384,   0.230,  +2.966,  -1.646, classB
 +3.183,   1.260,  +3.299,   0.915, classB
 +0.909,   3.333,  +2.336,   2.546, classB
 +3.483,  -0.153,  +3.065,   1.661, classB
 +3.028,   1.791,  +2.642,   2.322, classB
 +2.553,   2.466,  +2.647,   2.365, classB
 +0.189,   3.576,  +3.531,   0.595, classB
 +3.583,  -0.462,  +3.332,   1.394, classB
 +3.315,   1.512,  +3.643,  -0.061, classB
 +3.384,   1.433,  +2.566,   2.630, classB
 -1.067,   3.550,  +2.754,   2.481, classB
 +0.124,   3.736,  -1.755,   3.300, classB
 +1.792,   3.316,  +1.436,   3.485, classB
 -0.381,   3.782,  +1.972,   3.249, classB
 +1.551,   3.504,  +2.534,   2.875, classB
 +3.294,   2.019,  -0.577,   3.820, classB
 +1.799,   3.454,  +1.913,   3.393, classB
 -1.217,   3.733,  +0.627,   3.876, classB
 -0.996,   3.830,  -0.673,   3.900, classB
 -0.648,   3.936,  -0.933,   3.878, classB
 -0.047,   4.020,  +1.474,   3.741, classB
 -0.240,   4.045,  -1.142,   3.888, classB
 -1.190,   3.906,  -3.669,   1.792, classB
 -1.172,   3.944,  -2.377,   3.359, classB
 +1.376,   3.911,  +1.574,   3.836, classB
 -1.171,   4.010,  +0.728,   4.114, classB
 -3.451,   2.410,  -0.389,   4.191, classB
 -0.718,   4.179,  +0.622,   4.195, classB
 -2.507,   3.459,  -1.708,   3.916, classB
 -2.912,   3.168,  -1.335,   4.091, classB
 -0.878,   4.245,  -0.902,   4.240, classB
 -2.287,   3.719,  -2.504,   3.577, classB
 -4.387,  -0.298,  -3.177,   3.040, classB
 -2.106,   3.896,  -1.288,   4.238, classB
 -2.740,   3.520,  -2.065,   3.954, classB
 -1.688,   4.163,  -3.255,   3.095, classB
 -0.919,   4.429,  -4.187,   1.712, classB
 -4.454,   0.952,  -4.081,   2.022, classB
 -4.118,  -2.018,  -3.591,   2.853, classB
 -3.943,   2.402,  -4.242,   1.823, classB
 -3.934,   2.477,  -2.252,   4.067, classB
 -4.395,   1.610,  -3.597,   2.995, classB
 -3.987,   2.510,  -3.937,   2.588, classB
 -4.301,  -1.999,  -4.504,   1.487, classB
 -4.366,   1.933,  -3.450,  -3.301, classB
 -0.891,   4.723,  -4.192,   2.350, classB
 +1.484,   0.821,  +1.683,   0.212, classA
 +1.657,  -0.489,  +1.249,   1.193, classA
 +1.665,  -0.566,  +1.641,   0.632, classA
 +1.734,   0.446,  +1.242,   1.289, classA
 +1.744,   0.527,  +1.813,   0.171, classA
 +1.328,   1.292,  +1.529,   1.046, classA
 +1.492,   1.151,  +1.874,   0.193, classA
 +1.865,  -0.440,  +1.855,   0.477, classA
 +1.570,   1.151,  +1.700,   0.950, classA
 +1.952,   0.326,  +1.963,   0.246, classA
 +0.641,   1.905,  +0.417,   1.966, classA
 +1.583,   1.289,  +1.639,   1.217, classA
 +0.742,   1.935,  -0.861,   1.885, classA
 -0.261,   2.088,  +1.951,   0.787, classA
 +1.490,   1.530,  +0.976,   1.900, classA
 -0.764,   2.028,  +0.214,   2.156, classA
 +1.802,   1.259,  +1.418,   1.680, classA
 +0.876,   2.050,  +1.780,   1.343, classA
 +1.394,   1.781,  +1.569,   1.628, classA
 +0.266,   2.277,  -0.414,   2.255, classA
 +1.493,   1.781,  -0.157,   2.319, classA
 -0.044,   2.355,  +1.118,   2.073, classA
 +0.089,   2.385,  -0.724,   2.274, classA
 +0.835,   2.270,  -1.202,   2.098, classA
 +1.960,   1.469,  +0.238,   2.438, classA
 +0.703,   2.380,  +0.560,   2.417, classA
 +1.169,   2.224,  +0.593,   2.442, classA
 -0.681,   2.451,  +1.944,   1.640, classA
 -0.402,   2.544,  -1.715,   1.921, classA
 -0.975,   2.418,  -0.495,   2.559, classA
 +1.298,   2.297,  +0.499,   2.591, classA
 +0.159,   2.665,  -1.308,   2.327, classA
 -0.859,   2.561,  -1.557,   2.207, classA
 -2.089,   1.761,  +2.179,   1.648, classA
 +0.822,   2.639,  -0.841,   2.633, classA
 -1.444,   2.394,  -1.000,   2.611, classA
 -1.103,   2.603,  +0.201,   2.820, classA
 -2.339,   1.642,  -2.381,   1.581, classA
 -0.558,   2.835,  -2.813,  -0.661, classA
 -1.717,   2.363,  -2.678,   1.166, classA
 -2.202,   1.967,  -2.713,   1.164, classA
 -2.978,   0.189,  -2.960,   0.376, classA
 -2.965,   0.548,  -2.275,   1.978, classA
 -2.789,   1.225,  -2.973,   0.665, classA
 -1.758,   2.527,  -3.055,   0.375, classA
 -3.080,  -0.427,  -3.009,   0.786, classA
 -3.101,   0.500,  -1.827,   2.555, classA
 -1.693,   2.683,  -3.150,  -0.377, classA
 -2.511,   1.989,  -2.426,   2.093, classA
 -3.235,  -0.065,  -2.970,  -1.283, classA
 -3.247,   0.361,  -3.258,  -0.236, classA
 -3.151,  -0.975,  -2.636,  -1.982, classA
 -3.254,  -0.704,  -2.642,   2.026, classA
 -2.921,  -1.662,  -2.125,  -2.604, classA
 -3.378,   0.316,  -2.670,   2.093, classA
 -3.317,  -0.847,  -3.368,  -0.616, classA
 -3.450,  -0.187,  -3.171,  -1.373, classA
 +0.234,  -3.479,  -2.728,  -2.171, classA
 -3.260,  -1.322,  -3.216,  -1.426, classA
 -3.271,  -1.378,  -2.772,  -2.216, classA
 -1.156,  -3.389,  -0.933,  -3.457, classA
 -2.178,  -2.882,  -3.549,  -0.673, classA
 -2.665,  -2.485,  -2.622,  -2.530, classA
 -2.943,  -2.201,  -0.708,  -3.606, classA
 -1.598,  -3.344,  -2.268,  -2.931, classA
 -2.080,  -3.106,  -1.659,  -3.349, classA
 -2.914,  -2.391,  -2.920,  -2.384, classA
 -3.760,  -0.557,  -2.567,  -2.803, classA
 -2.876,  -2.533,  -3.684,  -1.055, classA
 -0.288,  -3.853,  -1.186,  -3.677, classA
 -1.250,  -3.689,  +0.901,  -3.789, classA
 -0.189,  -3.922,  -0.720,  -3.860, classA
 -3.273,  -2.225,  +1.262,  -3.751, classA
 +0.483,  -3.960,  +0.668,  -3.933, classA
 +2.241,  -3.338,  -1.959,  -3.511, classA
 +2.982,  -2.743,  +2.736,  -2.988, classA
 -1.898,  -3.615,  -0.018,  -4.083, classA
 +1.951,  -3.623,  -2.072,  -3.555, classA
 +0.542,  -4.111,  +2.667,  -3.175, classA
 +0.561,  -4.140,  +2.893,  -3.014, classA
 +2.831,  -3.115,  +3.816,  -1.775, classA
 +2.245,  -3.598,  +0.065,  -4.240, classA
 +3.037,  -3.005,  -0.738,  -4.208, classA
 +2.024,  -3.798,  +4.073,  -1.388, classA
 +2.745,  -3.355,  -0.810,  -4.258, classA
 +2.001,  -3.880,  +3.667,  -2.370, classA
 +2.959,  -3.253,  +2.475,  -3.635, classA
 +4.412,   0.384,  +2.574,  -3.604, classA
 +0.937,  -4.361,  +1.230,  -4.288, classA
 +4.478,  -0.348,  +0.886,  -4.403, classA
 +4.522,   0.094,  +1.657,  -4.209, classA
 +4.051,  -2.081,  +1.381,  -4.340, classA
 +3.480,  -2.986,  +3.687,  -2.727, classA
 +4.367,  -1.499,  +2.915,  -3.581, classA
 +4.608,   0.617,  +4.648,  -0.089, classA
 +4.627,   0.704,  +4.562,  -1.048, classA
 +4.693,  -0.423,  +3.349,  -3.315, classA
 +4.740,  -0.173,  +4.410,  -1.746, classA
 +4.775,  -0.009,  +4.494,  -1.612, classA
 +4.690,  -1.048,  +4.777,  -0.528, classA
 -1.666,   0.316,  -1.423,  -0.923, classB
 -1.658,   0.485,  -1.721,   0.145, classB
 -0.854,  -1.537,  -1.250,  -1.237, classB
 -1.744,  -0.402,  -1.748,   0.385, classB
 -1.502,   1.030,  -1.474,   1.070, classB
 -0.037,  -1.853,  -1.794,  -0.464, classB
 -1.318,  -1.347,  -1.364,   1.300, classB
 -1.389,  -1.319,  -1.808,  -0.633, classB
 -1.915,  -0.353,  -1.680,  -0.984, classB
 -1.670,  -1.062,  -1.977,   0.067, classB
 -1.743,  -1.001,  -1.910,  -0.627, classB
 -1.925,  -0.679,  -1.944,  -0.624, classB
 -0.811,  -1.907,  -0.819,  -1.904, classB
 -2.055,   0.452,  -2.103,  -0.080, classB
 -1.920,  -0.936,  -1.726,  -1.257, classB
 +0.628,  -2.074,  -1.129,  -1.850, classB
 -1.185,  -1.852,  -1.505,  -1.603, classB
 -1.946,  -1.089,  -1.665,  -1.483, classB
 +0.122,  -2.258,  -0.090,  -2.260, classB
 -1.229,  -1.935,  +1.843,  -1.363, classB
 -0.150,  -2.319,  -0.951,  -2.121, classB
 -0.363,  -2.327,  +0.353,  -2.329, classB
 -1.566,  -1.801,  +1.162,  -2.085, classB
 +0.403,  -2.385,  -0.594,  -2.344, classB
 -1.419,  -1.997,  -2.306,  -0.826, classB
 +1.760,  -1.749,  -0.491,  -2.432, classB
 +0.126,  -2.509,  +0.279,  -2.497, classB
 -0.769,  -2.425,  -1.137,  -2.276, classB
 +0.583,  -2.509,  -0.471,  -2.532, classB
 +0.944,  -2.430,  +1.249,  -2.288, classB
 +0.605,  -2.568,  +0.163,  -2.633, classB
 +1.296,  -2.334,  +0.218,  -2.661, classB
 -0.005,  -2.701,  +1.019,  -2.502, classB
 +2.262,  -1.532,  +1.126,  -2.490, classB
 +2.083,  -1.816,  +1.770,  -2.123, classB
 +2.219,  -1.700,  -0.753,  -2.692, classB
 +1.429,  -2.439,  +2.152,  -1.833, classB
 +1.254,  -2.569,  +1.702,  -2.296, classB
 +2.042,  -2.045,  +2.886,   0.150, classB
 +1.972,  -2.155,  +1.291,  -2.620, classB
 +2.095,  -2.080,  +2.867,   0.705, classB
 +2.983,  -0.065,  +2.057,  -2.161, classB
 +2.991,   0.385,  +2.738,  -1.262, classB
 +1.739,  -2.502,  +1.872,  -2.403, classB
 +3.018,   0.606,  +2.615,  -1.624, classB
 +3.095,   0.302,  +2.413,  -1.962, classB
 +2.055,  -2.375,  +2.282,  -2.158, classB
 +1.345,  -2.873,  +3.000,   1.031, classB
 +3.138,  -0.647,  +2.910,   1.340, classB
 +2.822,  -1.582,  +3.095,   0.943, classB
 +2.789,  -1.700,  +3.069,   1.119, classB
 +3.289,   0.247,  +3.243,   0.598, classB
 +3.153,  -1.070,  +3.318,  -0.276, classB
 +3.162,   1.138,  +3.322,   0.512, classB
 +3.032,   1.522,  +2.583,   2.199, classB
 +2.988,   1.672,  +2.306,   2.531, classB
 +2.950,   1.799,  +2.714,   2.138, classB
 +3.431,   0.620,  +2.182,   2.719, classB
 +3.000,   1.837,  +2.837,   2.080, classB
 -0.911,   3.430,  +0.699,   3.480, classB
 +2.953,   2.025,  +3.083,   1.821, classB
 +3.607,  -0.196,  +2.317,   2.771, classB
 -0.205,   3.638,  +3.641,   0.129, classB
 +0.970,   3.545,  +3.673,  -0.110, classB
 +3.624,   0.779,  +3.658,  -0.600, classB
 +3.673,   0.696,  +0.101,   3.736, classB
 +2.570,   2.757,  +3.258,   1.896, classB
 +3.161,   2.111,  -1.548,   3.471, classB
 +2.654,   2.764,  +2.784,   2.633, classB
 +2.793,   2.669,  -2.211,   3.168, classB
 -0.665,   3.838,  +0.036,   3.895, classB
 +3.894,  -0.505,  +1.212,   3.735, classB
 -1.003,   3.828,  +0.149,   3.955, classB
 +0.171,   3.986,  -3.010,   2.618, classB
 +0.738,   3.952,  +0.984,   3.898, classB
 -2.203,   3.400,  -1.109,   3.897, classB
 -0.448,   4.059,  +3.300,   2.406, classB
 -0.140,   4.112,  +4.056,  -0.695, classB
 -1.453,   3.883,  +1.974,   3.646, classB
 -0.921,   4.075,  -0.943,   4.070, classB
 -4.077,   1.045,  +0.926,   4.106, classB
 -3.425,   2.500,  -1.657,   3.903, classB
 -2.417,   3.522,  -2.430,   3.513, classB
 -1.924,   3.849,  -3.593,   2.369, classB
 -3.495,   2.564,  -2.249,   3.706, classB
 +2.621,   3.492,  -1.144,   4.214, classB
 -2.047,   3.892,  -3.336,   2.866, classB
 -3.721,   2.403,  -3.813,   2.254, classB
 -4.374,   0.874,  -3.721,   2.460, classB
 -4.228,   1.516,  -0.866,   4.408, classB
 -4.202,  -1.674,  -1.803,   4.148, classB
 -4.540,   0.365,  -3.678,   2.687, classB
 -4.410,   1.257,  -3.374,   3.106, classB
 -4.041,   2.235,  -2.801,   3.671, classB
 -4.635,   0.359,  -4.204,  -1.984, classB
 -3.878,  -2.620,  -2.839,  -3.721, classB
 -4.607,  -0.986,  -4.619,  -0.932, classB
 -4.159,   2.281,  -4.685,   0.742, classB
 -4.747,  -0.511,  -4.721,  -0.712, classB
 -2.434,   4.144,  -3.868,   2.852, classB
 +1.389,  -0.973,  +1.674,   0.274, classA
 +1.675,   0.423,  +1.578,   0.701, classA
 +1.417,   1.042,  +0.898,   1.512, classA
 +1.343,   1.184,  +1.767,   0.286, classA
 +1.631,  -0.811,  +0.672,  -1.693, classA
 +1.158,   1.446,  +1.267,   1.352, classA
 +1.318,   1.347,  +1.675,   0.862, classA
 +1.637,   0.995,  +0.689,   1.787, classA
 +1.922,   0.310,  +1.947,  -0.007, classA
 +1.841,   0.725,  +1.388,   1.410, classA
 +0.694,   1.886,  +1.955,   0.465, classA
 +1.531,   1.350,  +1.459,   1.428, classA
 +0.893,   1.870,  -0.053,   2.072, classA
 +1.904,   0.896,  +0.894,   1.905, classA
 +0.112,   2.133,  +1.747,   1.228, classA
 -0.059,   2.166,  -0.286,   2.148, classA
 +1.925,   1.061,  +1.077,   1.917, classA
 +0.978,   2.004,  +1.542,   1.611, classA
 +0.717,   2.144,  +0.832,   2.102, classA
 +2.177,   0.718,  -0.493,   2.239, classA
 +2.053,   1.090,  +0.476,   2.275, classA
 +1.786,   1.536,  -0.588,   2.281, classA
 -0.024,   2.387,  +0.270,   2.372, classA
 +0.585,   2.346,  +1.204,   2.097, classA
 -0.543,   2.389,  -1.066,   2.206, classA
 -1.105,   2.221,  -0.864,   2.326, classA
 +1.439,   2.060,  -0.618,   2.436, classA
 -0.594,   2.474,  -1.338,   2.164, classA
 +0.409,   2.543,  +0.228,   2.565, classA
 -0.644,   2.526,  -1.864,   1.823, classA
 -1.282,   2.306,  -0.765,   2.525, classA
 -0.654,   2.588,  -1.625,   2.118, classA
 -2.049,   1.760,  -2.147,   1.639, classA
 -2.357,   1.382,  -1.516,   2.273, classA
 +0.727,   2.667,  -0.202,   2.757, classA
 -0.279,   2.781,  -0.386,   2.769, classA
 -1.955,   2.041,  -1.991,   2.007, classA
 +1.945,   2.094,  -2.708,   0.914, classA
 +0.442,   2.856,  -2.879,   0.244, classA
 -2.248,   1.865,  -2.482,   1.540, classA
 -2.819,   0.878,  -2.753,   1.066, classA
 -2.659,   1.354,  +1.481,   2.590, classA
 -2.170,   2.093,  -2.731,   1.278, classA
 -2.975,   0.658,  -2.997,   0.547, classA
 -2.125,   2.227,  -1.837,  -2.470, classA
 -3.065,  -0.527,  -2.949,   0.986, classA
 -1.915,   2.489,  -2.107,  -2.329, classA
 -3.126,   0.540,  -3.024,  -0.959, classA
 -2.939,  -1.275,  -3.018,   1.075, classA
 -3.207,   0.428,  -3.233,  -0.119, classA
 -3.133,  -0.923,  -2.865,   1.568, classA
 -2.794,  -1.753,  -1.982,   2.636, classA
 -3.326,   0.159,  -3.218,   0.853, classA
 -3.054,  -1.402,  -3.277,  -0.748, classA
 -2.329,  -2.466,  -3.388,  -0.160, classA
 -3.422,   0.090,  -2.454,  -2.387, classA
 -2.870,  -1.924,  -1.855,  -2.915, classA
 -3.413,  -0.711,  -2.794,  -2.085, classA
 -3.169,  -1.527,  -3.361,  -1.038, classA
 -3.543,   0.218,  -2.941,  -1.987, classA
 -2.738,  -2.308,  -2.515,  -2.549, classA
 -3.062,  -1.917,  -2.494,  -2.613, classA
 -3.643,  -0.046,  -1.226,  -3.431, classA
 -3.304,  -1.609,  +0.335,  -3.660, classA
 -2.197,  -2.985,  -3.354,  -1.577, classA
 +0.062,  -3.737,  -1.990,  -3.164, classA
 -3.297,  -1.826,  +2.381,  -2.922, classA
 -1.214,  -3.601,  +0.121,  -3.799, classA
 +0.924,  -3.719,  +0.260,  -3.823, classA
 -3.075,  -2.339,  +1.870,  -3.381, classA
 -0.511,  -3.861,  +0.048,  -3.895, classA
 -2.699,  -2.852,  -3.256,  -2.195, classA
 -0.835,  -3.869,  -0.041,  -3.958, classA
 -2.421,  -3.171,  +0.856,  -3.896, classA
 -3.353,  -2.218,  +2.581,  -3.083, classA
 -2.206,  -3.399,  -2.347,  -3.303, classA
 -4.066,  -0.374,  -1.707,  -3.709, classA
 +0.919,  -4.011,  +1.741,  -3.728, classA
 +1.060,  -4.008,  +2.290,  -3.456, classA
 -1.388,  -3.940,  +3.283,  -2.583, classA
 -0.286,  -4.199,  -1.646,  -3.874, classA
 -2.203,  -3.623,  +2.335,  -3.540, classA
 +2.051,  -3.747,  +2.830,  -3.200, classA
 -0.392,  -4.285,  -0.660,  -4.252, classA
 -0.842,  -4.252,  +0.850,  -4.251, classA
 +2.915,  -3.251,  +3.310,  -2.847, classA
 +0.699,  -4.342,  +0.750,  -4.333, classA
 +2.392,  -3.727,  +3.627,  -2.542, classA
 +4.455,  -0.216,  +3.762,  -2.396, classA
 +4.470,  -0.439,  +3.547,  -2.756, classA
 -0.577,  -4.486,  +2.966,  -3.415, classA
 +4.526,  -0.508,  +3.753,   2.581, classA
 +3.447,  -3.025,  +3.908,   2.399, classA
 +4.298,  -1.687,  +3.275,  -3.255, classA
 +4.516,   1.102,  +3.665,  -2.860, classA
 +4.649,  -0.543,  +4.543,   1.124, classA
 +4.609,  -0.978,  +4.711,   0.065, classA
 +4.737,  -0.236,  +4.742,  -0.095, classA
 +4.684,  -0.925,  +3.815,  -2.871, classA
 +2.012,   4.365,  +4.518,   1.639, classA
 -1.643,  -0.420,  -1.398,   0.959, classB
 -1.698,  -0.315,  -1.610,   0.625, classB
 -1.645,   0.623,  -1.320,  -1.162, classB
 -1.703,   0.550,  -1.775,   0.235, classB
 -1.598,  -0.875,  -1.733,  -0.561, classB
 -1.437,  -1.169,  -1.686,   0.769, classB
 -1.584,  -1.021,  -1.804,  -0.544, classB
 -0.091,  -1.914,  -0.753,  -1.762, classB
 -1.928,   0.270,  -0.809,  -1.771, classB
 -1.843,  -0.719,  -1.096,  -1.647, classB
 -1.979,  -0.354,  -1.366,  -1.475, classB
 -1.647,  -1.206,  -1.267,  -1.601, classB
 +0.092,  -2.071,  -1.989,  -0.585, classB
 -1.277,  -1.672,  -1.027,  -1.837, classB
 -1.518,  -1.502,  -2.119,   0.263, classB
 -1.846,  -1.135,  +0.095,  -2.165, classB
 -1.950,  -1.016,  -1.653,  -1.449, classB
 -2.229,  -0.072,  -0.743,  -2.103, classB
 -1.214,  -1.908,  -0.809,  -2.112, classB
 -0.063,  -2.292,  -0.641,  -2.201, classB
 +1.709,  -1.575,  -1.643,  -1.643, classB
 -0.392,  -2.323,  -0.387,  -2.324, classB
 +0.820,  -2.242,  -0.543,  -2.324, classB
 -1.667,  -1.752,  -2.167,  -1.073, classB
 -0.647,  -2.363,  +0.014,  -2.450, classB
 +0.190,  -2.474,  +1.209,  -2.166, classB
 -2.475,  -0.434,  -2.299,  -1.013, classB
 +1.547,  -2.020,  -0.332,  -2.522, classB
 -1.266,  -2.243,  +0.225,  -2.566, classB
 -0.771,  -2.490,  +0.035,  -2.607, classB
 -0.988,  -2.446,  +1.156,  -2.371, classB
 +2.428,  -1.110,  +1.928,  -1.846, classB
 +1.098,  -2.468,  +2.005,  -1.810, classB
 +2.664,  -0.609,  +1.989,  -1.874, classB
 +1.937,  -1.972,  -1.182,  -2.498, classB
 +1.676,  -2.237,  +1.817,  -2.124, classB
 +1.309,  -2.505,  +2.005,  -1.993, classB
 +2.668,  -1.024,  +2.181,  -1.847, classB
 +2.175,  -1.902,  +2.365,  -1.660, classB
 +1.658,  -2.405,  +2.720,  -1.066, classB
 +2.915,  -0.466,  +2.132,  -2.042, classB
 +2.476,  -1.666,  +2.983,  -0.083, classB
 +2.871,  -0.921,  +2.035,  -2.225, classB
 +2.589,   1.607,  +2.063,  -2.242, classB
 +1.478,  -2.700,  +2.591,  -1.663, classB
 +3.074,  -0.470,  +3.087,  -0.373, classB
 +1.697,  -2.643,  +2.888,  -1.236, classB
 +2.992,  -1.054,  +2.924,   1.230, classB
 +3.195,  -0.242,  +2.511,   1.989, classB
 +3.235,   0.013,  +3.126,  -0.833, classB
 +1.537,  -2.882,  +1.652,  -2.818, classB
 +3.281,   0.335,  +3.178,   0.883, classB
 +3.262,  -0.669,  +2.706,   1.939, classB
 +3.359,   0.102,  +3.303,  -0.618, classB
 +0.995,   3.243,  +1.624,  -2.978, classB
 +2.799,   1.971,  +3.247,  -1.086, classB
 +3.073,   1.580,  +3.408,   0.566, classB
 +3.394,   0.796,  +3.378,   0.862, classB
 +1.793,   3.027,  +2.656,   2.307, classB
 +3.534,   0.324,  +2.463,   2.556, classB
 +3.310,   1.366,  +3.428,  -1.033, classB
 +3.080,   1.887,  +2.985,   2.034, classB
 +2.411,   2.732,  +2.974,   2.105, classB
 +3.162,   1.873,  +3.426,  -1.330, classB
 +3.040,   2.120,  +1.994,   3.124, classB
 +1.687,   3.336,  +3.323,   1.711, classB
 +3.309,   1.805,  +1.370,   3.512, classB
 +3.451,   1.592,  -0.742,   3.728, classB
 -0.037,   3.832,  +2.622,   2.795, classB
 +2.613,   2.846,  +1.924,   3.350, classB
 +3.009,   2.474,  +1.522,   3.585, classB
 +0.719,   3.860,  +1.253,   3.721, classB
 +2.699,   2.895,  +3.016,   2.563, classB
 +0.880,   3.891,  +2.572,   3.049, classB
 -2.166,   3.387,  -3.347,   2.228, classB
 +1.289,   3.842,  +0.218,   4.046, classB
 -1.527,   3.787,  -0.757,   4.013, classB
 +0.062,   4.114,  -1.262,   3.916, classB
 -0.325,   4.133,  -1.262,   3.949, classB
 -2.651,   3.229,  +3.183,   2.706, classB
 -1.963,   3.724,  +0.215,   4.204, classB
 -0.358,   4.225,  -2.786,   3.197, classB
 -1.967,   3.792,  +2.999,   3.043, classB
 -1.177,   4.139,  +0.378,   4.287, classB
 -2.145,   3.767,  -2.184,   3.744, classB
 -2.576,   3.525,  -2.643,   3.476, classB
 -2.997,   3.218,  -1.583,   4.103, classB
 +0.009,   4.429,  -1.446,   4.186, classB
 -0.461,   4.437,  -1.930,   4.021, classB
 -3.100,   3.251,  -0.510,   4.463, classB
 -4.053,   2.008,  -1.786,   4.156, classB
 -4.177,   1.815,  -3.835,   2.457, classB
 -4.380,   1.358,  -3.561,   2.890, classB
 -4.546,   0.807,  -4.357,   1.530, classB
 -3.583,   2.963,  -4.649,   0.048, classB
 -3.890,   2.602,  -4.669,   0.323, classB
 -4.475,   1.475,  -3.676,   2.948, classB
 -4.045,  -2.477,  -3.522,   3.177, classB
 -4.440,   1.755,  -4.729,   0.655, classB
 -4.489,   1.717,  -4.535,  -1.590, classB
 +1.424,   0.921,  +1.686,  -0.186, classA
 +1.112,   1.322,  +1.411,   0.996, classA
 +1.668,  -0.556,  +1.684,  -0.506, classA
 +1.630,   0.739,  +1.622,   0.758, classA
 +1.821,  -0.050,  +1.817,  -0.129, classA
 +1.843,  -0.188,  +1.573,   0.980, classA
 +1.324,   1.341,  +1.466,   1.184, classA
 +0.854,   1.715,  +0.945,   1.666, classA
 +1.930,   0.256,  +1.861,   0.572, classA
 +1.957,   0.289,  +1.582,   1.189, classA
 +0.704,   1.883,  -0.832,   1.830, classA
 +1.340,   1.540,  +2.008,   0.370, classA
 +1.749,   1.112,  -0.760,   1.929, classA
 +1.833,   1.033,  +1.562,   1.410, classA
 +2.031,   0.660,  +1.501,   1.519, classA
 +1.981,   0.879,  +0.756,   2.031, classA
 +1.593,   1.515,  +1.067,   1.922, classA
 +1.093,   1.944,  +2.211,  -0.286, classA
 +0.900,   2.075,  +1.226,   1.900, classA
 -0.820,   2.141,  +2.281,  -0.227, classA
 -0.025,   2.324,  +1.825,   1.439, classA
 -0.278,   2.339,  -1.078,   2.094, classA
 +0.830,   2.238,  +0.370,   2.358, classA
 +1.036,   2.185,  -0.567,   2.351, classA
 +0.440,   2.410,  +2.200,   1.077, classA
 -0.244,   2.469,  +0.574,   2.414, classA
 -0.470,   2.468,  +0.783,   2.387, classA
 -0.141,   2.540,  +0.624,   2.466, classA
 -0.099,   2.574,  -2.143,   1.428, classA
 -2.387,   1.047,  +0.349,   2.583, classA
 -0.801,   2.514,  -2.409,   1.076, classA
 -0.041,   2.669,  -0.209,   2.661, classA
 -1.943,   1.876,  -1.017,   2.502, classA
 -1.267,   2.421,  -2.462,   1.185, classA
 +0.848,   2.631,  -0.858,   2.627, classA
 -1.546,   2.329,  -0.728,   2.699, classA
 +0.465,   2.788,  -2.105,   1.887, classA
 -1.380,   2.503,  -2.433,   1.499, classA
 -2.863,  -0.388,  -2.882,  -0.210, classA
 -2.919,   0.108,  -2.921,   0.030, classA
 -2.563,   1.465,  -2.352,   1.784, classA
 -2.496,   1.635,  -2.645,   1.382, classA
 -2.656,   1.427,  -2.772,   1.185, classA
 -1.981,   2.315,  -2.921,  -0.866, classA
 +0.697,   2.998,  -2.907,   1.011, classA
 -3.015,   0.760,  -3.038,  -0.665, classA
 -2.997,  -0.940,  -2.970,  -1.023, classA
 -3.043,   0.897,  -2.937,  -1.199, classA
 -2.574,   1.908,  -3.166,   0.488, classA
 -2.973,  -1.276,  -2.904,   1.427, classA
 -2.973,  -1.353,  -2.800,  -1.682, classA
 -3.264,  -0.472,  -1.582,  -2.894, classA
 -3.297,  -0.462,  -3.137,  -1.116, classA
 -2.988,   1.538,  -3.005,  -1.506, classA
 -3.325,  -0.670,  -2.071,  -2.687, classA
 -3.372,  -0.591,  -3.406,  -0.346, classA
 -2.827,  -1.987,  -2.437,  -2.449, classA
 -2.028,  -2.836,  -1.533,  -3.132, classA
 -3.515,  -0.140,  -2.810,  -2.116, classA
 -1.177,  -3.348,  -3.249,  -1.428, classA
 -3.497,  -0.770,  -2.344,  -2.707, classA
 -2.816,  -2.262,  -0.755,  -3.532, classA
 -3.643,  -0.064,  -2.485,  -2.664, classA
 -3.666,   0.254,  -3.143,  -1.905, classA
 -1.835,  -3.220,  +1.005,  -3.567, classA
 -2.907,  -2.350,  +0.163,  -3.734, classA
 -2.543,  -2.782,  -3.467,   1.480, classA
 -3.799,  -0.101,  +0.584,  -3.756, classA
 -2.491,  -2.912,  -3.211,  -2.092, classA
 +2.003,  -3.304,  +1.133,  -3.694, classA
 +0.253,  -3.887,  -2.746,  -2.762, classA
 +0.515,  -3.892,  -1.179,  -3.745, classA
 -2.079,  -3.368,  -2.176,  -3.306, classA
 +0.811,  -3.906,  -1.932,  -3.490, classA
 -0.444,  -3.996,  -0.117,  -4.019, classA
 -2.274,  -3.354,  +3.555,  -1.945, classA
 +3.115,  -2.641,  +2.397,  -3.306, classA
 +3.445,  -2.250,  -0.910,  -4.013, classA
 +1.276,  -3.945,  -1.160,  -3.981, classA
 -2.065,  -3.632,  +0.578,  -4.138, classA
 +3.271,  -2.649,  +3.564,  -2.239, classA
 -0.135,  -4.238,  +1.218,  -4.062, classA
 +2.100,  -3.720,  +2.908,  -3.130, classA
 +0.898,  -4.209,  +3.441,  -2.584, classA
 +0.570,  -4.297,  +2.214,  -3.727, classA
 +2.587,  -3.517,  -0.844,  -4.284, classA
 +0.536,  -4.365,  -0.088,  -4.397, classA
 +3.208,  -3.054,  +2.614,  -3.575, classA
 +4.460,   0.020,  +3.716,  -2.467, classA
 +4.308,  -1.273,  +3.417,  -2.916, classA
 +4.517,  -0.234,  +4.134,  -1.835, classA
 +3.219,  -3.223,  +4.512,  -0.625, classA
 +2.918,  -3.538,  +4.545,   0.610, classA
 +2.427,  -3.928,  +4.285,   1.721, classA
 +3.783,  -2.702,  +3.530,  -3.025, classA
 +3.675,  -2.899,  +4.210,  -2.045, classA
 +4.574,  -1.130,  +4.691,  -0.438, classA
 +3.953,  -2.621,  +4.229,  -2.149, classA
 +4.073,  -2.492,  +3.664,   3.062, classA
 +3.944,   2.746,  +4.123,   2.469, classA
 -1.580,  -0.615,  -1.694,  -0.082, classB
 -1.662,  -0.472,  -1.718,   0.181, classB
 -1.503,  -0.913,  -1.753,  -0.137, classB
 -1.397,  -1.119,  -1.712,  -0.522, classB
 -1.771,  -0.427,  -1.804,   0.249, classB
 -0.859,  -1.642,  -1.508,  -1.076, classB
 -1.854,  -0.336,  -1.846,   0.377, classB
 -1.857,  -0.472,  -1.762,  -0.751, classB
 -1.505,  -1.235,  -1.702,   0.946, classB
 -1.895,  -0.568,  -1.953,  -0.317, classB
 -1.254,  -1.571,  -1.985,   0.317, classB
 -0.169,  -2.034,  -1.975,  -0.516, classB
 -1.787,  -1.051,  +0.131,  -2.069, classB
 -2.087,   0.268,  -1.051,  -1.823, classB
 +0.266,  -2.119,  -0.732,  -2.006, classB
 -0.234,  -2.154,  +0.965,  -1.940, classB
 -2.183,  -0.256,  +0.214,  -2.188, classB
 -1.388,  -1.745,  -0.614,  -2.144, classB
 -0.674,  -2.158,  -2.194,  -0.548, classB
 +0.078,  -2.291,  -0.794,  -2.151, classB
 +1.645,  -1.642,  +0.087,  -2.322, classB
 +1.722,  -1.607,  -1.350,  -1.931, classB
 -0.802,  -2.248,  -0.182,  -2.380, classB
 -0.944,  -2.226,  +0.509,  -2.364, classB
 +0.599,  -2.375,  -0.989,  -2.241, classB
 +0.913,  -2.307,  -0.419,  -2.446, classB
 +0.148,  -2.508,  -1.799,  -1.754, classB
 +1.274,  -2.202,  -0.585,  -2.476, classB
 -0.540,  -2.518,  -0.503,  -2.526, classB
 +1.836,  -1.851,  -0.427,  -2.572, classB
 +2.567,  -0.610,  +1.263,  -2.316, classB
 +2.290,  -1.373,  +1.451,  -2.241, classB
 +1.768,  -2.042,  +0.055,  -2.701, classB
 +0.295,  -2.717,  +1.333,  -2.385, classB
 -2.278,  -1.566,  +0.778,  -2.652, classB
 +1.752,  -2.178,  -0.228,  -2.786, classB
 -0.552,  -2.772,  +0.858,  -2.693, classB
 +2.241,  -1.774,  +2.381,  -1.581, classB
 +1.035,  -2.698,  +2.248,  -1.815, classB
 +2.909,  -0.263,  +2.796,  -0.844, classB
 +2.261,  -1.898,  +2.631,  -1.339, classB
 +1.747,  -2.419,  +2.463,  -1.684, classB
 +2.822,   1.061,  +2.468,  -1.732, classB
 +2.801,  -1.198,  +2.317,  -1.979, classB
 +2.868,  -1.117,  +3.028,   0.551, classB
 +3.047,  -0.619,  +2.970,  -0.921, classB
 +3.119,  -0.374,  +2.720,  -1.571, classB
 +3.172,  -0.024,  +3.098,  -0.682, classB
 +1.921,   2.564,  +3.153,   0.567, classB
 +1.854,  -2.651,  +3.159,  -0.697, classB
 +0.928,  -3.132,  +3.213,  -0.591, classB
 +3.172,  -0.901,  +3.229,   0.671, classB
 +3.027,   1.386,  +2.989,   1.467, classB
 +2.952,   1.607,  +2.739,   1.947, classB
 +3.298,   0.792,  -0.596,   3.340, classB
 +2.828,  -1.930,  +3.351,   0.702, classB
 +3.282,  -1.079,  +2.915,   1.856, classB
 +2.873,   1.976,  +3.420,   0.680, classB
 +0.945,   3.389,  +2.131,   2.799, classB
 +3.199,   1.537,  +1.698,   3.117, classB
 +2.767,   2.273,  +0.226,   3.574, classB
 +0.765,   3.530,  +0.678,   3.548, classB
 +3.518,   0.947,  +3.156,   1.821, classB
 +1.912,   3.138,  +3.176,   1.849, classB
 +3.446,   1.364,  +3.419,   1.431, classB
 +2.635,   2.651,  +1.117,   3.567, classB
 +0.415,   3.746,  +2.626,   2.704, classB
 +1.946,   3.265,  +1.432,   3.521, classB
 +2.458,   2.940,  +2.022,   3.255, classB
 +0.565,   3.822,  +0.730,   3.794, classB
 +0.195,   3.890,  +1.821,   3.443, classB
 +0.423,   3.903,  +3.135,   2.363, classB
 +1.870,   3.488,  +0.343,   3.943, classB
 +0.452,   3.963,  +3.849,   1.047, classB
 +0.313,   4.008,  +2.593,   3.073, classB
 -1.911,   3.573,  -2.282,   3.348, classB
 -2.795,   2.977,  +0.155,   4.080, classB
 -3.065,   2.745,  -0.673,   4.059, classB
 -2.959,   2.905,  -4.118,   0.482, classB
 -0.715,   4.116,  -2.542,   3.315, classB
 -3.324,   2.582,  -0.076,   4.208, classB
 +0.191,   4.236,  -3.671,   2.123, classB
 -0.913,   4.173,  -2.261,   3.625, classB
 -2.092,   3.760,  -1.921,   3.851, classB
 -3.569,   2.460,  -2.262,   3.698, classB
 -4.364,   0.124,  -0.002,   4.366, classB
 -3.194,   3.023,  +0.454,   4.374, classB
 -2.437,   3.698,  -4.425,  -0.191, classB
 -4.218,   1.452,  -3.526,   2.732, classB
 -2.366,   3.818,  -3.499,   2.817, classB
 -1.717,   4.185,  -3.159,   3.237, classB
 -3.857,   2.422,  -3.517,   2.894, classB
 -4.580,   0.235,  -3.664,   2.758, classB
 -4.402,  -1.394,  -2.368,   3.964, classB
 -4.649,   0.019,  -4.633,  -0.381, classB
 -3.809,   2.720,  -4.535,  -1.156, classB
 -4.262,  -2.008,  -3.775,   2.819, classB
 -3.822,  -2.809,  -4.682,   0.759, classB
 -4.774,  -0.074,  -4.763,  -0.326, classB
 -4.285,  -2.177,  -4.462,   1.785, classB
 +1.696,  -0.023,  +1.667,   0.313, classA
 +1.679,  -0.404,  +1.050,  -1.372, classA
 +1.713,   0.399,  +1.751,  -0.162, classA
 +1.782,   0.173,  +1.778,   0.204, classA
 +1.762,  -0.460,  +1.498,   1.036, classA
 +1.291,   1.330,  +1.757,   0.590, classA
 +1.853,   0.342,  +1.652,   0.907, classA
 +0.809,   1.736,  +1.510,   1.179, classA
 +0.824,   1.764,  +0.280,   1.927, classA
 +1.937,   0.402,  +0.022,   1.978, classA
 +1.052,   1.713,  +1.961,   0.439, classA
 +1.951,  -0.601,  +1.901,   0.744, classA
 +0.006,   2.073,  +1.823,   0.987, classA
 +0.728,   1.974,  +1.041,   1.829, classA
 +1.785,   1.172,  +1.197,   1.769, classA
 +1.083,   1.877,  -0.310,   2.145, classA
 +2.191,  -0.183,  +0.706,   2.082, classA
 -0.948,   2.018,  +2.211,   0.286, classA
 +0.724,   2.142,  +1.098,   1.977, classA
 +1.624,   1.618,  -0.932,   2.095, classA
 +0.272,   2.308,  +1.777,   1.498, classA
 +1.460,   1.848,  -0.055,   2.355, classA
 +1.480,   1.873,  -0.536,   2.326, classA
 -1.107,   2.150,  -0.139,   2.414, classA
 +0.949,   2.258,  +0.129,   2.446, classA
 -0.262,   2.467,  -1.553,   1.935, classA
 -0.932,   2.333,  -2.055,   1.445, classA
 -0.985,   2.346,  +1.312,   2.180, classA
 -0.445,   2.537,  -1.382,   2.173, classA
 -1.493,   2.137,  +1.311,   2.253, classA
 -1.427,   2.219,  -0.785,   2.519, classA
 +0.497,   2.623,  -2.244,   1.447, classA
 -1.613,   2.167,  -2.155,   1.628, classA
 -1.327,   2.389,  -1.878,   1.985, classA
 -1.383,   2.393,  -0.034,   2.764, classA
 -1.336,   2.456,  -2.473,   1.304, classA
 -1.933,   2.062,  -1.601,   2.329, classA
 -0.848,   2.730,  -1.139,   2.622, classA
 -1.673,   2.356,  -2.830,   0.584, classA
 -1.837,   2.271,  -1.502,   2.505, classA
 -2.878,   0.660,  -2.935,   0.317, classA
 -1.823,   2.362,  -2.107,   2.113, classA
 -0.719,   2.928,  -2.819,   1.069, classA
 -1.476,   2.665,  -2.858,   1.056, classA
 -3.022,  -0.585,  -2.261,   2.088, classA
 -3.067,   0.510,  -1.754,  -2.567, classA
 -2.937,   1.113,  -3.137,   0.161, classA
 -3.115,  -0.602,  +1.666,   2.700, classA
 -3.167,  -0.485,  -1.886,   2.590, classA
 -3.010,   1.187,  -3.031,   1.132, classA
 -3.077,   1.098,  -3.163,   0.817, classA
 -3.225,  -0.689,  -1.838,  -2.738, classA
 -3.327,   0.132,  -3.097,   1.223, classA
 -2.643,  -2.076,  -3.296,   0.657, classA
 -3.107,  -1.362,  -2.878,  -1.796, classA
 -3.413,  -0.275,  -2.192,  -2.630, classA
 -3.417,  -0.513,  -2.916,  -1.853, classA
 -2.170,  -2.729,  -3.486,   0.077, classA
 -2.636,  -2.330,  -3.349,  -1.077, classA
 -3.126,  -1.681,  -1.770,  -3.076, classA
 -3.049,  -1.878,  -3.546,  -0.497, classA
 +0.105,  -3.611,  -0.691,  -3.545, classA
 +0.394,  -3.622,  -3.199,  -1.744, classA
 -2.611,  -2.586,  -2.739,  -2.450, classA
 -2.784,  -2.447,  -3.080,  -2.061, classA
 -0.527,  -3.701,  -3.325,  -1.708, classA
 -0.036,  -3.769,  -2.742,  -2.586, classA
 -2.168,  -3.122,  -1.759,  -3.369, classA
 -1.225,  -3.631,  -0.969,  -3.708, classA
 +1.053,  -3.717,  -3.183,  -2.190, classA
 +0.135,  -3.893,  -1.110,  -3.733, classA
 +0.920,  -3.817,  -1.156,  -3.752, classA
 -0.479,  -3.929,  -1.228,  -3.762, classA
 -0.819,  -3.904,  -0.557,  -3.950, classA
 -0.349,  -4.005,  -0.346,  -4.006, classA
 +1.830,  -3.615,  +0.795,  -3.973, classA
 +1.493,  -3.801,  +0.478,  -4.055, classA
 +0.013,  -4.115,  +0.247,  -4.107, classA
 -0.634,  -4.097,  -1.008,  -4.022, classA
 +2.109,  -3.606,  +3.752,  -1.838, classA
 +1.492,  -3.936,  +0.380,  -4.192, classA
 +3.258,  -2.714,  +2.155,  -3.652, classA
 +0.759,  -4.204,  +3.396,  -2.591, classA
 +1.341,  -4.089,  +4.151,  -1.135, classA
 +0.464,  -4.310,  +4.302,  -0.528, classA
 +3.213,  -2.957,  +2.940,  -3.228, classA
 +1.157,  -4.243,  +2.387,  -3.693, classA
 -0.790,  -4.358,  +4.262,  -1.205, classA
 +2.779,  -3.489,  +3.609,  -2.621, classA
 +4.209,  -1.569,  +3.662,  -2.602, classA
 +4.405,  -1.027,  +4.509,   0.353, classA
 +3.593,  -2.800,  -1.207,  -4.392, classA
 -0.146,  -4.584,  +4.163,  -1.924, classA
 +4.617,   0.039,  +4.162,  -1.999, classA
 +4.492,  -1.198,  +4.324,  -1.707, classA
 +3.293,  -3.325,  +4.608,   0.818, classA
 +4.668,   0.641,  +3.024,  -3.613, classA
 +4.304,  -1.994,  +3.298,  -3.409, classA
 +4.771,   0.185,  +4.771,  -0.181, classA
 +4.799,   0.263,  +4.486,   1.724, classA
 -1.599,  -0.564,  -1.478,   0.831, classB
 -1.718,  -0.174,  -0.969,   1.430, classB
 -1.754,   0.124,  -1.699,  -0.452, classB
 -1.685,   0.603,  -1.583,  -0.835, classB
 -1.520,  -1.004,  -1.423,  -1.137, classB
 -1.105,  -1.488,  -1.160,  -1.445, classB
 -1.878,   0.156,  -1.494,  -1.148, classB
 -1.827,  -0.577,  -1.890,   0.315, classB
 -1.947,   0.012,  -1.672,  -0.999, classB
 -1.969,  -0.195,  -0.863,  -1.781, classB
 -1.928,  -0.567,  -1.107,  -1.677, classB
 -2.008,   0.367,  -0.698,  -1.918, classB
 -0.278,  -2.054,  -0.217,  -2.061, classB
 -0.366,  -2.072,  -1.993,  -0.674, classB
 -1.720,  -1.266,  -2.034,  -0.650, classB
 -1.151,  -1.836,  +0.275,  -2.150, classB
 -1.802,  -1.259,  -1.449,  -1.653, classB
 -2.211,   0.287,  -2.095,  -0.765, classB
 -1.131,  -1.958,  -0.563,  -2.190, classB
 -0.065,  -2.292,  -1.568,  -1.672, classB
 -0.790,  -2.186,  -0.402,  -2.289, classB
 -0.385,  -2.324,  +0.255,  -2.342, classB
 -0.212,  -2.377,  -1.005,  -2.165, classB
 -1.587,  -1.825,  -0.029,  -2.418, classB
 -1.702,  -1.762,  -1.459,  -1.968, classB
 -1.462,  -2.005,  -0.370,  -2.454, classB
 -0.622,  -2.434,  +0.206,  -2.504, classB
 +0.567,  -2.480,  +2.061,  -1.491, classB
 -0.370,  -2.549,  +1.388,  -2.169, classB
 -0.552,  -2.548,  +1.155,  -2.337, classB
 -0.513,  -2.588,  +1.135,  -2.382, classB
 +0.925,  -2.504,  +1.985,  -1.785, classB
 +1.052,  -2.488,  -1.763,  -2.047, classB
 -0.327,  -2.713,  +2.084,  -1.767, classB
 -0.200,  -2.757,  +0.558,  -2.707, classB
 -0.060,  -2.795,  +1.692,  -2.225, classB
 -0.364,  -2.803,  -0.245,  -2.816, classB
 +0.910,  -2.709,  +2.586,  -1.218, classB
 +1.865,  -2.207,  +1.877,  -2.197, classB
 +2.720,  -1.065,  +1.457,  -2.532, classB
 +1.545,  -2.516,  +2.767,  -1.030, classB
 +0.909,  -2.842,  +2.623,  -1.423, classB
 +2.071,  -2.192,  +2.385,  -1.844, classB
 +3.038,   0.235,  +1.517,  -2.642, classB
 +2.675,   1.523,  +3.033,  -0.522, classB
 +2.905,  -1.108,  +1.683,  -2.615, classB
 +3.017,   0.875,  +3.035,   0.810, classB
 +3.148,  -0.394,  +3.145,  -0.418, classB
 +2.529,  -1.967,  +2.922,   1.313, classB
 +2.454,   2.108,  +2.553,  -1.988, classB
 +2.606,   1.969,  +2.935,  -1.434, classB
 +3.296,  -0.119,  +2.635,   1.984, classB
 +3.314,  -0.322,  +3.284,  -0.549, classB
 +1.643,   2.932,  +3.334,  -0.426, classB
 +3.386,   0.206,  +3.092,  -1.395, classB
 +3.280,   0.983,  +3.239,   1.110, classB
 +3.454,   0.085,  +2.710,   2.143, classB
 +3.447,   0.524,  +2.959,   1.843, classB
 +3.091,   1.679,  +2.532,   2.442, classB
 +3.539,   0.269,  +3.378,   1.091, classB
 +2.347,   2.704,  +1.579,   3.214, classB
 +3.085,   1.878,  +3.334,   1.389, classB
 +2.359,   2.776,  +2.343,   2.790, classB
 +3.573,   0.859,  +3.036,   2.071, classB
 +1.707,   3.290,  +2.735,   2.501, classB
 +2.917,   2.337,  +3.360,   1.638, classB
 +1.837,   3.292,  +0.371,   3.751, classB
 +1.873,   3.307,  +0.519,   3.765, classB
 +1.133,   3.661,  +2.839,   2.574, classB
 +1.503,   3.559,  +0.860,   3.766, classB
 +3.635,   1.400,  +1.881,   3.411, classB
 +2.512,   3.018,  +0.064,   3.926, classB
 +0.128,   3.956,  +2.911,   2.681, classB
 +2.766,   2.874,  +2.614,   3.013, classB
 +0.518,   3.987,  -1.243,   3.824, classB
 -2.408,   3.259,  +0.362,   4.036, classB
 +1.129,   3.924,  +1.147,   3.919, classB
 +0.839,   4.028,  -2.035,   3.577, classB
 -2.297,   3.452,  -3.088,   2.767, classB
 +2.184,   3.561,  -0.608,   4.133, classB
 -0.040,   4.209,  +0.344,   4.195, classB
 +2.389,   3.503,  -1.995,   3.742, classB
 +1.035,   4.145,  -0.389,   4.254, classB
 +1.139,   4.150,  -3.576,   2.394, classB
 -0.297,   4.325,  -1.363,   4.115, classB
 +0.260,   4.358,  +0.472,   4.341, classB
 -3.212,   3.004,  -3.795,   2.221, classB
 -3.676,   2.470,  -0.343,   4.416, classB
 -4.424,   0.571,  -4.408,   0.679, classB
 -4.265,   1.409,  -4.204,   1.582, classB
 -3.843,   2.385,  -3.368,   3.019, classB
 -3.771,   2.555,  -4.396,   1.191, classB
 -4.560,  -0.488,  +2.629,   3.757, classB
 -4.582,  -0.574,  -4.455,   1.214, classB
 -4.301,   1.765,  -4.233,   1.922, classB
 -2.235,   4.112,  -4.179,   2.107, classB
 -4.664,  -0.670,  -4.709,   0.160, classB
 -3.795,   2.845,  -4.711,   0.554, classB
 -4.253,  -2.169,  -4.087,   2.468, classB
 -4.512,  -1.655,  -4.186,  -2.362, classB
 +1.644,  -0.416,  +1.375,  -0.993, classA
 +1.166,   1.274,  +1.691,  -0.350, classA
 +1.431,   1.022,  +1.731,   0.309, classA
 +1.333,   1.195,  +1.036,   1.459, classA
 +1.781,   0.381,  +1.632,   0.809, classA
 +1.663,   0.817,  +1.842,   0.196, classA
 +1.762,   0.668,  +1.693,   0.827, classA
 +1.781,   0.707,  +1.911,  -0.137, classA
 +0.976,   1.685,  +1.798,  -0.746, classA
 +1.682,  -1.042,  +1.573,   1.200, classA
 +1.937,  -0.538,  +1.987,  -0.304, classA
 +1.943,   0.626,  +1.876,   0.805, classA
 +1.406,   1.523,  +1.277,   1.633, classA
 -0.654,   2.000,  +0.457,   2.054, classA
 +1.993,  -0.768,  +1.229,   1.747, classA
 +2.015,   0.797,  +2.158,   0.200, classA
 +1.833,   1.214,  +2.130,   0.544, classA
 -0.600,   2.147,  +0.182,   2.222, classA
 -1.402,   1.774,  -0.170,   2.255, classA
 +1.192,   1.958,  +0.591,   2.215, classA
 +2.154,   0.873,  +1.727,   1.555, classA
 +1.303,   1.962,  +0.315,   2.334, classA
 -2.114,   1.109,  +0.040,   2.387, classA
 +0.131,   2.415,  +1.453,   1.933, classA
 +0.120,   2.447,  +1.982,   1.440, classA
 +1.615,   1.884,  -0.988,   2.276, classA
 -0.833,   2.370,  -0.610,   2.437, classA
 +0.624,   2.466,  +1.299,   2.187, classA
 -0.906,   2.411,  +1.692,   1.941, classA
 -0.586,   2.540,  -1.710,   1.967, classA
 +0.193,   2.631,  -2.110,   1.584, classA
 +1.395,   2.276,  -2.558,   0.765, classA
 +1.293,   2.371,  -1.577,   2.193, classA
 +1.187,   2.461,  +1.511,   2.277, classA
 +0.008,   2.764,  -1.665,   2.206, classA
 -0.891,   2.649,  -0.430,   2.762, classA
 -2.361,   1.555,  -0.602,   2.762, classA
 -0.597,   2.795,  -1.505,   2.430, classA
 -2.713,   0.994,  -2.424,   1.573, classA
 -1.744,   2.343,  -0.488,   2.880, classA
 -1.477,   2.556,  -2.757,   1.056, classA
 -2.648,   1.376,  -2.907,   0.671, classA
 -2.910,  -0.790,  -2.749,   1.239, classA
 -2.427,   1.841,  -2.359,   1.928, classA
 -2.027,   2.317,  -2.026,   2.318, classA
 -3.092,   0.329,  -2.499,   1.851, classA
 -2.852,  -1.317,  -3.133,   0.223, classA
 -3.172,   0.004,  -1.934,   2.515, classA
 -2.321,   2.209,  -3.196,  -0.216, classA
 -3.057,   1.058,  -3.212,  -0.388, classA
 -3.266,  -0.027,  -1.839,  -2.699, classA
 -3.195,  -0.819,  -2.746,  -1.826, classA
 -0.863,  -3.216,  -2.480,  -2.222, classA
 -3.048,  -1.415,  -2.774,   1.898, classA
 -0.751,  -3.308,  -2.625,  -2.148, classA
 -3.385,  -0.510,  -1.848,   2.882, classA
 -1.938,  -2.861,  -2.249,  -2.623, classA
 -2.490,  -2.440,  -2.849,  -2.010, classA
 -2.313,  -2.651,  -1.977,  -2.910, classA
 -2.897,  -2.050,  -1.784,  -3.068, classA
 -3.547,  -0.492,  -1.025,  -3.431, classA
 -3.612,  -0.060,  -3.584,  -0.446, classA
 -2.213,  -2.894,  -1.440,  -3.347, classA
 -3.498,  -1.126,  -3.331,  -1.552, classA
 -3.278,  -1.731,  -1.897,  -3.184, classA
 -3.369,  -1.618,  -2.317,  -2.933, classA
 -1.634,  -3.397,  -2.106,  -3.126, classA
 -1.860,  -3.315,  -1.233,  -3.595, classA
 -3.677,  -1.079,  -1.234,  -3.628, classA
 +0.091,  -3.862,  -3.759,  -0.893, classA
 -3.860,  -0.517,  +2.927,  -2.569, classA
 -2.127,  -3.300,  +1.377,  -3.677, classA
 -1.487,  -3.668,  -1.794,  -3.528, classA
 +0.845,  -3.899,  -3.299,  -2.243, classA
 -2.173,  -3.383,  -0.100,  -4.019, classA
 +0.900,  -3.951,  -0.063,  -4.052, classA
 -1.383,  -3.842,  -0.679,  -4.027, classA
 -2.939,  -2.880,  -1.622,  -3.782, classA
 +3.030,  -2.830,  +3.223,  -2.608, classA
 +2.188,  -3.559,  -1.414,  -3.931, classA
 -0.223,  -4.203,  +2.535,  -3.360, classA
 +3.824,  -1.833,  +0.983,  -4.125, classA
 +1.297,  -4.070,  +2.103,  -3.718, classA
 +1.731,  -3.940,  +2.508,  -3.497, classA
 +1.364,  -4.115,  +2.070,  -3.809, classA
 +3.180,  -2.992,  +4.348,  -0.401, classA
 +3.506,  -2.654,  +2.508,  -3.612, classA
 +0.977,  -4.320,  +2.964,  -3.291, classA
 +3.649,  -2.566,  +3.752,  -2.412, classA
 +2.958,  -3.380,  +4.461,   0.526, classA
 +4.086,  -1.940,  +4.356,  -1.217, classA
 +4.537,  -0.404,  +4.553,  -0.131, classA
 +4.423,  -1.211,  +3.997,  -2.248, classA
 +2.402,  -3.943,  +4.252,  -1.800, classA
 +3.637,  -2.896,  +4.507,  -1.141, classA
 +4.535,  -1.157,  +2.687,  -3.832, classA
 +2.880,   3.729,  +4.450,  -1.549, classA
 +4.737,   0.244,  +4.301,  -1.999, classA
 +3.474,   3.275,  +4.774,   0.077, classA
 +4.754,   0.708,  +4.800,  -0.244, classA
 -1.556,  -0.673,  -1.604,   0.551, classB
 -1.724,   0.113,  -1.677,  -0.415, classB
 -1.749,  -0.186,  -1.549,  -0.833, classB
 -1.768,   0.277,  -1.784,   0.146, classB
 -1.186,  -1.382,  -1.717,  -0.607, classB
 -1.061,  -1.519,  -1.843,  -0.187, classB
 -1.794,  -0.576,  -1.697,  -0.819, classB
 -1.916,   0.012,  -1.916,  -0.006, classB
 -0.729,  -1.806,  -1.581,  -1.137, classB
 -0.813,  -1.804,  -1.799,   0.824, classB
 -1.858,  -0.768,  -1.719,  -1.041, classB
 -1.697,  -1.135,  -1.899,  -0.750, classB
 -1.002,  -1.814,  -0.854,  -1.889, classB
 -1.729,  -1.199,  -1.520,  -1.456, classB
 -0.120,  -2.132,  -1.904,  -0.968, classB
 -1.074,  -1.882,  -1.343,  -1.701, classB
 -1.972,  -0.972,  +0.372,  -2.167, classB
 -0.572,  -2.155,  -0.692,  -2.120, classB
 -0.558,  -2.191,  -1.445,  -1.739, classB
 +0.260,  -2.278,  -2.012,  -1.099, classB
 -2.205,  -0.736,  -0.405,  -2.288, classB
 +0.014,  -2.355,  -0.083,  -2.354, classB
 +0.129,  -2.383,  +0.345,  -2.362, classB
 -0.630,  -2.335,  +0.470,  -2.372, classB
 -2.448,  -0.094,  +0.867,  -2.291, classB
 +0.444,  -2.441,  -0.406,  -2.448, classB
 +0.825,  -2.373,  -1.475,  -2.034, classB
 -0.143,  -2.540,  +1.195,  -2.246, classB
 +0.835,  -2.436,  +0.023,  -2.575, classB
 +0.145,  -2.603,  -0.473,  -2.564, classB
 +0.808,  -2.511,  +2.105,  -1.590, classB
 +0.334,  -2.649,  +1.405,  -2.270, classB
 +1.993,  -1.823,  +1.939,  -1.881, classB
 +1.963,  -1.900,  -0.616,  -2.662, classB
 +1.726,  -2.159,  +1.229,  -2.476, classB
 +2.054,  -1.896,  +2.069,  -1.880, classB
 -1.363,  -2.477,  -0.720,  -2.733, classB
 +2.753,  -0.768,  +2.846,  -0.265, classB
 +2.804,  -0.697,  +0.661,  -2.813, classB
 +2.145,  -1.983,  +2.697,  -1.121, classB
 +0.879,  -2.818,  +2.707,   1.180, classB
 +1.240,  -2.714,  +1.971,  -2.240, classB
 +2.286,  -1.966,  +1.051,  -2.826, classB
 +1.502,  -2.651,  +2.483,  -1.766, classB
 +3.006,  -0.663,  +2.998,   0.699, classB
 +2.259,   2.137,  +2.794,  -1.364, classB
 +2.567,  -1.810,  +2.726,  -1.560, classB
 +2.831,  -1.431,  +3.020,  -0.970, classB
 +2.875,  -1.414,  +3.181,   0.379, classB
 +3.226,  -0.243,  +3.031,   1.131, classB
 +3.136,   0.914,  +2.853,   1.591, classB
 +3.296,   0.122,  +3.192,   0.829, classB
 +1.495,   2.975,  +3.249,  -0.725, classB
 +3.293,  -0.672,  +3.341,  -0.365, classB
 +3.128,   1.313,  +3.270,  -0.903, classB
 +2.930,   1.771,  +3.255,   1.061, classB
 +2.172,   2.687,  +3.031,  -1.658, classB
 +3.467,  -0.370,  +3.418,   0.688, classB
 +1.922,   2.946,  +3.403,  -0.893, classB
 +3.278,   1.360,  +2.566,   2.453, classB
 +3.272,   1.455,  +2.490,   2.573, classB
 +2.435,   2.668,  +2.997,   2.017, classB
 +3.252,   1.643,  +3.379,   1.364, classB
 +3.390,   1.420,  -0.149,   3.672, classB
 +1.968,   3.141,  +3.229,   1.820, classB
 -0.265,   3.728,  +1.637,   3.360, classB
 +1.577,   3.423,  +0.508,   3.735, classB
 -1.321,   3.564,  +2.413,   2.937, classB
 +0.032,   3.832,  +3.297,   1.953, classB
 -0.189,   3.859,  -0.704,   3.799, classB
 +3.695,   1.231,  -1.376,   3.644, classB
 -1.373,   3.678,  +3.390,   1.982, classB
 -0.873,   3.860,  +2.498,   3.070, classB
 +1.884,   3.516,  -1.464,   3.711, classB
 +1.986,   3.496,  +1.166,   3.848, classB
 -2.695,   3.026,  -1.849,   3.606, classB
 -0.442,   4.059,  -0.811,   4.002, classB
 +0.141,   4.112,  +2.286,   3.421, classB
 +1.336,   3.925,  -0.160,   4.143, classB
 -1.316,   3.965,  -2.589,   3.279, classB
 -1.819,   3.796,  +1.474,   3.942, classB
 -2.383,   3.508,  -1.976,   3.752, classB
 -0.347,   4.258,  -0.891,   4.178, classB
 -2.061,   3.777,  -2.228,   3.682, classB
 -1.276,   4.143,  -3.869,   1.955, classB
 -1.908,   3.927,  -2.676,   3.450, classB
 -3.824,   2.171,  +0.741,   4.335, classB
 -4.321,   0.971,  -0.749,   4.365, classB
 -4.413,   0.651,  -2.395,   3.763, classB
 -4.247,   1.462,  -4.023,   1.997, classB
 -4.459,  -0.758,  -4.495,  -0.505, classB
 -1.889,   4.145,  -4.542,  -0.339, classB
 -1.035,   4.468,  -4.352,   1.445, classB
 -4.423,  -1.325,  -2.030,   4.147, classB
 -3.866,   2.581,  -4.587,  -0.757, classB
 -1.682,   4.368,  -3.809,  -2.720, classB
 -4.377,   1.743,  -4.219,  -2.097, classB
 -4.477,   1.568,  -3.790,  -2.852, classB
 -3.512,  -3.235,  -4.175,   2.316, classB
 -4.353,   2.038,  -4.806,   0.009, classB
 +1.667,  -0.310,  +1.696,   0.023, classA
 +1.571,  -0.717,  +1.606,  -0.636, classA
 +0.310,   1.731,  +1.664,  -0.568, classA
 +1.731,   0.455,  +1.729,   0.463, classA
 +0.935,   1.563,  +1.815,  -0.155, classA
 +1.213,  -1.401,  +1.584,   0.961, classA
 +1.663,   0.887,  +1.780,  -0.618, classA
 +1.228,   1.470,  +1.283,   1.422, classA
 +0.964,   1.692,  -0.108,   1.944, classA
 +1.533,   1.251,  +1.885,   0.602, classA
 +1.777,   0.939,  +1.615,   1.197, classA
 +1.163,   1.678,  -0.056,   2.041, classA
 +0.801,   1.912,  +1.242,   1.660, classA
 +1.474,   1.502,  +2.104,   0.027, classA
 +2.066,   0.542,  +0.315,   2.112, classA
 -0.118,   2.164,  +1.579,   1.485, classA
 +1.794,   1.271,  +0.566,   2.124, classA
 +0.664,   2.129,  +1.864,   1.224, classA
 +0.907,   2.071,  -1.303,   1.848, classA
 +2.072,   0.982,  +1.772,   1.454, classA
 +1.185,   1.999,  +1.958,   1.252, classA
 +0.034,   2.355,  +0.165,   2.350, classA
 +0.671,   2.291,  -0.766,   2.261, classA
 +0.224,   2.408,  -0.447,   2.377, classA
 -1.153,   2.161,  +0.980,   2.245, classA
 +2.461,   0.319,  -1.457,   2.008, classA
 -0.868,   2.358,  +1.742,   1.811, classA
 +0.044,   2.544,  -0.936,   2.365, classA
 -0.590,   2.507,  -0.633,   2.496, classA
 -0.106,   2.605,  -1.357,   2.226, classA
 -2.092,   1.607,  -0.739,   2.533, classA
 -2.142,   1.593,  -2.638,  -0.410, classA
 -0.175,   2.695,  -2.081,   1.722, classA
 -0.006,   2.733,  -1.975,   1.888, classA
 +0.018,   2.764,  -2.584,   0.981, classA
 -1.949,   2.004,  -2.110,   1.834, classA
 -1.833,   2.152,  -2.775,   0.537, classA
 -1.828,   2.197,  -2.494,   1.395, classA
 -1.436,   2.507,  -1.655,   2.369, classA
 -2.032,   2.098,  -0.740,   2.826, classA
 -0.385,   2.927,  -2.591,   1.416, classA
 -2.672,   1.327,  -2.450,   1.703, classA
 -2.974,   0.499,  -1.902,   2.340, classA
 -3.001,   0.525,  -1.392,   2.710, classA
 -3.004,   0.670,  -2.821,   1.232, classA
 -3.078,   0.439,  -3.090,   0.349, classA
 -2.437,   1.982,  -3.131,   0.244, classA
 -2.129,   2.352,  -2.727,   1.621, classA
 -3.204,  -0.004,  -2.723,  -1.688, classA
 -3.220,  -0.310,  -2.633,  -1.880, classA
 -3.229,  -0.492,  -3.257,  -0.245, classA
 -3.026,  -1.312,  -3.203,  -0.785, classA
 -3.245,   0.745,  -2.965,   1.514, classA
 -1.427,  -3.043,  -2.975,  -1.563, classA
 -3.243,   0.994,  -2.783,  -1.940, classA
 -2.753,  -2.035,  -3.393,  -0.455, classA
 -3.059,  -1.607,  -3.234,  -1.217, classA
 -3.277,  -1.190,  -3.234,  -1.303, classA
 -2.159,  -2.778,  -1.645,  -3.110, classA
 -3.500,  -0.587,  -3.325,  -1.243, classA
 -3.492,  -0.791,  -3.318,  -1.347, classA
 -1.253,  -3.388,  -1.473,  -3.298, classA
 -3.583,  -0.660,  -3.434,  -1.218, classA
 -1.604,  -3.307,  +0.013,  -3.675, classA
 -3.615,  -0.817,  -3.035,  -2.128, classA
 -3.208,  -1.918,  -2.581,  -2.704, classA
 -3.019,  -2.257,  +0.668,  -3.710, classA
 -2.561,  -2.808,  -3.473,  -1.543, classA
 -3.515,  -1.525,  -0.417,  -3.809, classA
 -2.305,  -3.100,  -3.794,  -0.731, classA
 -2.256,  -3.175,  +1.224,  -3.698, classA
 -2.622,  -2.923,  +0.789,  -3.846, classA
 -1.275,  -3.747,  -1.364,  -3.715, classA
 -1.881,  -3.518,  -0.803,  -3.908, classA
 +1.800,  -3.595,  -0.343,  -4.006, classA
 -2.448,  -3.229,  +0.349,  -4.037, classA
 -1.087,  -3.936,  -1.982,  -3.570, classA
 -0.817,  -4.033,  +1.098,  -3.966, classA
 -1.566,  -3.839,  -0.932,  -4.040, classA
 -0.432,  -4.155,  +1.355,  -3.952, classA
 +2.280,  -3.538,  +0.683,  -4.153, classA
 -0.065,  -4.240,  +4.238,   0.154, classA
 +1.025,  -4.147,  +2.456,  -3.495, classA
 +3.724,  -2.157,  +1.510,  -4.030, classA
 +1.581,  -4.036,  +3.039,  -3.091, classA
 -1.671,  -4.034,  +3.299,  -2.860, classA
 +4.244,  -1.153,  +2.503,  -3.616, classA
 +2.882,  -3.363,  +2.761,  -3.463, classA
 +1.817,  -4.074,  +3.400,  -2.887, classA
 +2.581,  -3.677,  -0.210,  -4.487, classA
 +4.446,  -0.834,  +2.937,  -3.440, classA
 +4.082,  -2.021,  +3.756,  -2.577, classA
 +2.539,  -3.819,  +4.552,  -0.558, classA
 +4.489,  -1.080,  +3.766,   2.672, classA
 +4.113,  -2.167,  +4.543,   0.986, classA
 +2.876,  -3.692,  +4.664,   0.388, classA
 +1.985,  -4.273,  +4.129,   2.270, classA
 +3.766,  -2.884,  +3.921,  -2.668, classA
 +4.485,  -1.638,  +4.477,  -1.658, classA
 +4.540,  -1.576,  +4.437,  -1.847, classA
 -1.496,  -0.799,  -1.540,  -0.711, classB
 -1.486,  -0.881,  -1.608,  -0.631, classB
 -1.654,  -0.598,  -1.748,   0.191, classB
 -1.630,  -0.740,  -1.784,   0.145, classB
 -1.472,  -1.073,  -1.816,   0.145, classB
 -1.525,  -1.052,  -1.635,  -0.872, classB
 -1.795,  -0.575,  -1.708,  -0.795, classB
 -1.504,  -1.186,  -1.890,  -0.315, classB
 -1.231,  -1.509,  -1.865,  -0.558, classB
 -1.561,  -1.216,  -1.957,  -0.289, classB
 -1.778,  -0.938,  -1.542,  -1.290, classB
 -1.937,  -0.645,  -2.041,  -0.009, classB
 -0.535,  -2.003,  -2.038,  -0.380, classB
 +0.361,  -2.073,  -0.983,  -1.860, classB
 -1.227,  -1.748,  -2.132,  -0.119, classB
 -0.685,  -2.056,  -1.039,  -1.902, classB
 -1.771,  -1.303,  +0.997,  -1.959, classB
 -1.109,  -1.934,  -0.762,  -2.096, classB
 -1.468,  -1.720,  -1.705,  -1.485, classB
 +0.735,  -2.172,  +0.792,  -2.151, classB
 -0.996,  -2.100,  -0.197,  -2.316, classB
 -1.184,  -2.036,  +1.139,  -2.062, classB
 -2.250,  -0.798,  +0.324,  -2.365, classB
 +1.554,  -1.853,  -1.731,  -1.689, classB
 +1.339,  -2.051,  -0.500,  -2.398, classB
 -0.773,  -2.358,  +0.810,  -2.345, classB
 +0.318,  -2.492,  +1.518,  -2.002, classB
 +0.786,  -2.420,  -1.295,  -2.190, classB
 +1.040,  -2.356,  +0.720,  -2.473, classB
 -0.053,  -2.606,  -1.094,  -2.366, classB
 +1.823,  -1.907,  +2.280,  -1.328, classB
 +1.593,  -2.142,  -1.071,  -2.445, classB
 +0.415,  -2.669,  +1.401,  -2.309, classB
 +1.624,  -2.197,  +1.799,  -2.057, classB
 +0.339,  -2.743,  +0.874,  -2.622, classB
 +1.616,  -2.281,  +2.766,   0.402, classB
 +2.581,  -1.154,  +2.068,  -1.927, classB
 +1.473,  -2.449,  +1.682,  -2.311, classB
 +2.444,  -1.542,  +2.875,   0.295, classB
 +2.920,  -0.077,  +1.389,  -2.570, classB
 +2.127,  -2.048,  +1.222,  -2.688, classB
 +1.600,  -2.518,  +0.942,  -2.831, classB
 +2.635,   1.465,  +2.734,   1.271, classB
 +2.543,  -1.677,  +0.834,  -2.930, classB
 +1.880,  -2.437,  +2.549,  -1.726, classB
 +1.559,   2.691,  +3.087,   0.375, classB
 +2.484,  -1.922,  +1.984,  -2.435, classB
 +3.169,  -0.153,  +2.970,  -1.115, classB
 +2.454,  -2.059,  +3.095,  -0.828, classB
 +2.481,   2.076,  +2.916,   1.401, classB
 +1.096,   3.077,  +2.663,  -1.891, classB
 +3.148,   0.982,  +0.658,   3.232, classB
 +2.801,   1.800,  +3.304,   0.407, classB
 +2.920,   1.663,  +2.976,   1.561, classB
 +3.059,   1.465,  +3.334,  -0.627, classB
 +3.179,   1.270,  +1.550,   3.053, classB
 +2.249,   2.623,  +2.649,   2.218, classB
 +3.350,  -0.967,  +3.393,  -0.803, classB
 +3.516,  -0.114,  +2.891,   2.004, classB
 +1.841,   3.034,  +2.841,   2.127, classB
 +2.114,   2.890,  +1.450,   3.274, classB
 +3.226,   1.625,  +3.606,  -0.218, classB
 +2.803,   2.328,  +0.970,   3.512, classB
 +0.885,   3.567,  +2.928,   2.221, classB
 +3.702,  -0.180,  +2.653,   2.588, classB
 +0.237,   3.730,  +1.773,   3.291, classB
 +1.003,   3.633,  +2.657,   2.674, classB
 +2.364,   2.976,  +3.428,   1.641, classB
 +1.068,   3.680,  +2.856,   2.555, classB
 +1.676,   3.481,  +1.848,   3.393, classB
 -0.561,   3.854,  +0.310,   3.883, classB
 -0.606,   3.879,  +1.012,   3.794, classB
 -2.096,   3.357,  -2.082,   3.366, classB
 -2.803,   2.839,  -1.430,   3.724, classB
 +2.322,   3.282,  +0.290,   4.010, classB
 -2.324,   3.319,  +0.472,   4.024, classB
 +2.275,   3.391,  +3.192,   2.546, classB
 +2.565,   3.217,  +1.411,   3.865, classB
 +1.468,   3.878,  -0.587,   4.104, classB
 +1.933,   3.703,  -1.596,   3.861, classB
 -2.072,   3.664,  -3.305,   2.606, classB
 +2.724,   3.250,  -2.093,   3.688, classB
 -0.638,   4.224,  +0.896,   4.177, classB
 -1.194,   4.134,  -2.845,   3.229, classB
 -1.695,   3.990,  -0.179,   4.331, classB
 +0.887,   4.275,  -0.757,   4.300, classB
 -2.777,   3.410,  -4.104,  -1.580, classB
 -2.429,   3.703,  -4.320,  -0.978, classB
 -3.819,   2.305,  -2.007,   3.983, classB
 -3.190,   3.162,  -1.583,   4.203, classB
 -0.636,   4.478,  -4.281,   1.459, classB
 -4.045,   2.094,  -1.950,   4.116, classB
 -3.055,   3.420,  -2.198,   4.025, classB
 -4.516,   0.961,  -4.617,  -0.071, classB
 -3.044,   3.514,  -4.009,   2.353, classB
 -3.978,  -2.466,  -3.705,   2.860, classB
 -3.770,   2.826,  -4.378,   1.743, classB
 -3.751,   2.903,  -4.032,   2.499, classB
 -4.764,   0.311,  -4.039,  -2.546, classB
 -4.659,  -1.179,  -4.460,  -1.791, classB
