A B C D classA classB
1.538 -0.715 1.694 0.077 1 0
1.723 0.12 1.688 -0.367 1 0
1.307 -1.177 1.672 0.545 1 0
1.697 0.57 1.007 1.48 1 0
1.798 0.294 1.54 0.972 1 0
1.48 1.115 1.776 0.527 1 0
1.881 -0.119 1.207 1.447 1 0
1.184 1.506 1.122 1.553 1 0
0.159 1.941 1.863 0.566 1 0
1.901 0.547 1.714 0.989 1 0
0.945 1.774 1.598 1.22 1 0
-0.368 2.008 1.933 0.656 1 0
0.942 1.846 1.041 1.792 1 0
1.234 1.705 2.102 0.088 1 0
1.401 1.612 1.738 1.242 1 0
0.896 1.973 1.88 1.077 1 0
0.767 2.06 1.737 1.347 1 0
-0.763 2.095 1.122 1.927 1 0
-0.048 2.261 0.147 2.257 1 0
1.248 1.924 -0.017 2.293 1 0
-0.145 2.32 -1.093 2.051 1 0
0.809 2.212 0.115 2.353 1 0
1.148 2.093 1.884 1.465 1 0
1.065 2.171 2.278 0.812 1 0
1.008 2.233 0.795 2.317 1 0
0.78 2.355 -0.732 2.371 1 0
0.2 2.505 -0.785 2.387 1 0
0.584 2.476 -0.126 2.541 1 0
-1.837 1.805 0.703 2.478 1 0
1.577 2.076 -0.528 2.553 1 0
1.727 1.995 0.088 2.637 1 0
-1.026 2.465 -1.337 2.311 1 0
0.428 2.667 -1.878 1.941 1 0
-2.698 0.432 -0.167 2.727 1 0
-0.513 2.716 -2.163 1.72 1 0
-0.517 2.747 0.4 2.767 1 0
-0.531 2.776 0.748 2.726 1 0
-2.858 -0.023 -0.944 2.698 1 0
0.9 2.746 -2.869 -0.342 1 0
-2.814 0.785 -2.699 1.117 1 0
-2.491 1.584 -1.134 2.726 1 0
-2.981 -0.14 -2.933 0.548 1 0
-1.999 2.258 -1.926 2.32 1 0
-2.992 -0.574 -1.451 2.679 1 0
-2.309 2.035 -3.052 0.402 1 0
-2.521 1.821 -2.734 -1.481 1 0
-3.049 0.754 -3.087 0.579 1 0
-3.086 0.736 -3.001 1.03 1 0
-3.093 0.835 -2.997 1.132 1 0
-1.612 2.805 -3.053 -1.07 1 0
-3.195 0.679 -3.207 -0.621 1 0
-2.947 -1.481 -3.092 1.147 1 0
-2.343 2.365 -3.268 -0.638 1 0
-3.228 -0.935 -1.638 -2.935 1 0
-3.277 -0.875 -3.37 0.391 1 0
-3.414 0.262 -2.674 -2.138 1 0
-3.454 -0.086 -3.453 -0.111 1 0
-3.401 -0.767 -3.414 0.706 1 0
-0.158 -3.514 -2.617 -2.351 1 0
-3.491 -0.638 -1.821 -3.046 1 0
-3.458 -0.93 -3.423 -1.052 1 0
0.97 -3.48 -3.512 0.843 1 0
-2.271 -2.849 0.081 -3.643 1 0
-3.675 -0.019 -1.338 -3.423 1 0
-1.451 -3.411 -3.688 -0.373 1 0
-2.843 -2.427 1.369 -3.478 1 0
-1.219 -3.567 -3.029 -2.243 1 0
-2.954 -2.392 -2.318 -3.012 1 0
-0.102 -3.831 -2.087 -3.214 1 0
-2.648 -2.813 -0.053 -3.863 1 0
-1.679 -3.515 -3.083 -2.381 1 0
-1.037 -3.787 -0.636 -3.874 1 0
-0.741 -3.888 1.578 -3.629 1 0
2.376 -3.205 1.2 -3.804 1 0
1.256 -3.819 2.872 -2.813 1 0
0.969 -3.934 3.514 -2.018 1 0
2.117 -3.492 0.113 -4.082 1 0
-0.009 -4.115 3.019 -2.796 1 0
-2.379 -3.396 1.895 -3.688 1 0
1.214 -3.997 -1.596 -3.861 1 0
1.821 -3.795 -3.04 -2.911 1 0
1.988 -3.745 0.454 -4.216 1 0
2.731 -3.285 2.407 -3.529 1 0
2.915 -3.166 3.204 -2.873 1 0
3.983 -1.711 -1.043 -4.207 1 0
1.74 -4.005 4.186 -1.243 1 0
4.184 -1.355 4.396 -0.134 1 0
3.205 -3.056 4.379 -0.663 1 0
1.45 -4.218 1.935 -4.019 1 0
1.13 -4.347 3.606 2.678 1 0
3.38 -3.006 4.226 -1.613 1 0
2.298 -3.933 3.52 -2.89 1 0
3.139 -3.343 4.284 1.638 1 0
1.642 -4.316 4.481 -1.114 1 0
4.54 -0.999 0.794 -4.581 1 0
2.504 -3.954 2.902 -3.672 1 0
3.671 -2.953 4.677 -0.571 1 0
4.639 -0.988 3.771 2.877 1 0
1.472 4.542 4.68 -0.947 1 0
3.364 3.432 3.95 -2.738 1 0
-1.455 -0.871 -1.529 -0.734 0 1
-1.246 -1.196 -1.711 0.233 0 1
-1.476 0.956 -1.733 -0.302 0 1
-1.771 -0.259 -1.407 -1.107 0 1
-1.581 -0.905 -1.442 1.113 0 1
-1.661 -0.821 -0.727 -1.704 0 1
-1.854 -0.337 -1.844 -0.386 0 1
-1.888 -0.327 -1.91 -0.145 0 1
-1.931 -0.253 -1.873 -0.532 0 1
-1.928 -0.444 -1.326 -1.468 0 1
-2.009 0.056 -1.731 1.022 0 1
-1.379 -1.505 -0.828 -1.866 0 1
-1.985 -0.597 -1.928 -0.76 0 1
-1.745 -1.176 -0.358 -2.074 0 1
-0.219 -2.124 0.64 -2.037 0 1
-1.001 -1.922 -0.224 -2.155 0 1
-1.202 -1.841 -1.517 -1.591 0 1
-0.021 -2.23 0.612 -2.144 0 1
0.379 -2.229 -1.847 -1.305 0 1
-0.705 -2.182 -0.396 -2.258 0 1
1.327 -1.908 0.143 -2.32 0 1
-1.071 -2.098 -1.824 -1.491 0 1
0.408 -2.352 -0.843 -2.233 0 1
-0.774 -2.291 -2.203 -0.998 0 1
0.219 -2.44 -0.795 -2.317 0 1
-1.041 -2.252 -2.037 -1.417 0 1
-1.991 -1.533 1.723 -1.829 0 1
-0.908 -2.376 0.64 -2.462 0 1
-1.479 -2.109 0.253 -2.563 0 1
-0.654 -2.524 0.483 -2.562 0 1
1.122 -2.388 1.399 -2.237 0 1
0.24 -2.659 1.462 -2.234 0 1
0.879 -2.554 0.707 -2.607 0 1
1.982 -1.881 -0.519 -2.683 0 1
1.174 -2.502 2.534 -1.104 0 1
1.487 -2.367 0.643 -2.72 0 1
2.514 -1.292 1.096 -2.606 0 1
2.269 -1.738 2.514 -1.36 0 1
2.358 -1.67 2.884 -0.186 0 1
1.53 -2.488 2.106 -2.024 0 1
2.902 -0.544 2.685 -1.228 0 1
2.976 -0.219 1.679 -2.467 0 1
1.114 -2.802 2.507 -1.675 0 1
1.545 -2.626 2.254 -2.05 0 1
1.792 -2.502 2.619 -1.618 0 1
2.711 1.522 3.055 0.582 0 1
1.407 -2.808 2.484 1.923 0 1
1.556 -2.764 2.815 -1.463 0 1
2.465 -2.047 3.053 -0.971 0 1
3.231 0.155 3.18 -0.597 0 1
3.26 -0.215 3.165 -0.809 0 1
2.747 -1.825 1.961 2.651 0 1
3.329 -0.035 3.1 -1.215 0 1
2.053 2.661 3.2 1.028 0 1
3.39 0.127 3.384 0.24 0 1
2.942 1.751 2.48 2.36 0 1
2.133 2.718 1.31 3.197 0 1
3.18 1.43 3.456 0.46 0 1
0.733 3.441 1.309 3.265 0 1
2.907 2.037 2.904 2.041 0 1
3.573 0.235 3.026 1.915 0 1
1.203 3.406 3.609 -0.158 0 1
-0.062 3.643 3.326 1.489 0 1
2.106 3.012 3.484 1.169 0 1
3.513 1.182 2.853 2.366 0 1
3.021 2.201 1.259 3.519 0 1
3.381 1.667 3.709 0.671 0 1
1.364 3.548 1.245 3.591 0 1
2.394 2.992 -0.053 3.832 0 1
0.896 3.758 -2.724 2.74 0 1
1.269 3.683 -2.034 3.322 0 1
-0.198 3.921 2.574 2.965 0 1
2.774 2.823 -3.03 2.546 0 1
-3.378 2.122 0.714 3.925 0 1
2.279 3.312 -0.991 3.896 0 1
-1.046 3.915 1.78 3.64 0 1
-2.268 3.395 -2.902 2.873 0 1
-3.846 1.463 0.998 3.992 0 1
-3.288 2.527 0.144 4.144 0 1
-1.056 4.042 2.441 3.39 0 1
0.084 4.208 -0.054 4.209 0 1
-3.243 2.732 0.273 4.232 0 1
-1.981 3.785 1.947 3.803 0 1
0.235 4.297 -3.563 2.413 0 1
-2.811 3.3 -0.589 4.295 0 1
-4.122 1.441 -3.655 2.388 0 1
-3.289 2.919 -1.199 4.231 0 1
-1.574 4.14 -3.061 3.201 0 1
-4.431 0.509 -3.206 3.101 0 1
-2.75 3.552 -0.906 4.4 0 1
-4.467 0.711 -2.56 3.729 0 1
-0.891 4.467 -4.551 -0.191 0 1
-2.601 3.777 -2.83 3.609 0 1
-4.589 0.508 -3.717 2.739 0 1
-3.926 2.489 -4.638 -0.317 0 1
-4.641 -0.603 -3.804 2.727 0 1
-4.468 1.497 -4.424 1.622 0 1
-3.422 3.284 -4.685 0.739 0 1
-4.048 2.533 -4.653 1.068 0 1
-2.815 -3.895 -4.759 0.672 0 1
1.506 -0.78 1.652 0.383 1 0
1.306 1.131 1.539 -0.783 1 0
1.463 -0.976 1.71 -0.41 1 0
1.675 -0.631 1.787 0.109 1 0
1.809 -0.211 1.295 1.281 1 0
1.849 0.113 0.848 1.647 1 0
1.839 0.413 1.87 0.23 1 0
1.39 1.319 0.357 1.882 1 0
0.994 1.675 0.506 1.88 1 0
0.699 1.851 1.559 1.219 1 0
1.767 0.957 0.517 1.942 1 0
1.193 1.656 0.2 2.032 1 0
1.545 1.381 1.458 1.473 1 0
1.705 1.233 1.852 0.999 1 0
2.112 -0.319 2.053 0.587 1 0
1.66 1.393 1.644 1.412 1 0
-0.143 2.194 0.406 2.161 1 0
1.299 1.812 0.349 2.202 1 0
1.5 1.692 0.791 2.119 1 0
-1.002 2.062 -0.262 2.278 1 0
-0.302 2.304 1.947 1.27 1 0
-1.104 2.081 0.033 2.355 1 0
2.296 0.654 0.376 2.357 1 0
-0.909 2.241 1.314 2.03 1 0
-0.012 2.45 0.148 2.445 1 0
-0.519 2.426 -0.709 2.378 1 0
0.418 2.478 -1.18 2.218 1 0
-0.385 2.515 0.438 2.506 1 0
-0.107 2.573 1.503 2.092 1 0
0.199 2.599 -1.922 1.761 1 0
0.863 2.493 -0.427 2.603 1 0
-1.11 2.428 -2.428 1.111 1 0
-2.11 1.687 -0.989 2.513 1 0
0.376 2.707 0.364 2.708 1 0
-0.879 2.62 -0.908 2.61 1 0
-0.345 2.774 -0.446 2.76 1 0
-1.375 2.47 -0.395 2.799 1 0
-1.809 2.213 -1.784 2.233 1 0
-2.889 -0.041 -1.968 2.116 1 0
-2.91 -0.255 -2.638 1.254 1 0
-2.933 0.337 -1.992 2.179 1 0
-2.797 1.04 -2.981 0.138 1 0
-1.925 2.32 -2.687 1.369 1 0
-1.017 2.872 -2.984 -0.613 1 0
-3.078 -0.023 -2.708 1.463 1 0
-2.99 0.853 -2.259 2.137 1 0
-2.185 2.256 -1.916 2.489 1 0
-2.854 1.384 -3.141 0.442 1 0
-2.778 1.596 -3.064 -0.935 1 0
-3.231 0.155 -2.325 -2.25 1 0
-1.986 -2.594 -3.19 0.703 1 0
-3.165 0.928 -3.267 -0.452 1 0
-1.862 -2.76 -3.163 1.039 1 0
-2.279 -2.471 -2.976 1.561 1 0
-2.79 -1.929 -0.184 -3.387 1 0
-1.836 -2.89 -0.57 -3.376 1 0
-2.408 -2.478 -3.413 -0.54 1 0
-2.954 -1.853 -3.344 -0.986 1 0
-3.446 -0.706 -2.701 -2.254 1 0
-1.42 -3.253 -3.539 -0.269 1 0
-2.636 -2.424 -2.046 -2.939 1 0
-2.3 -2.786 -2.959 2.072 1 0
-2.343 -2.791 -3.405 -1.297 1 0
-2.131 -2.994 -1.689 -3.264 1 0
-2.954 -2.239 -1.625 -3.331 1 0
-3.627 0.905 -3.13 -2.043 1 0
-2.317 -2.973 0.975 -3.641 1 0
-0.154 -3.798 -3.661 -1.02 1 0
-3.822 0.28 -1.166 -3.65 1 0
-3.515 -1.604 -0.137 -3.861 1 0
-2.58 -2.918 -0.958 -3.775 1 0
-2.723 -2.829 -0.047 -3.926 1 0
2.225 -3.273 -1.843 -3.503 1 0
-2.59 -3.034 1.196 -3.806 1 0
-1.023 -3.888 -1.797 -3.597 1 0
0.297 -4.041 1.035 -3.918 1 0
2.594 -3.154 0.947 -3.972 1 0
-0.705 -4.054 2.983 -2.834 1 0
-1.881 -3.695 -0.362 -4.13 1 0
0.084 -4.177 -0.815 -4.097 1 0
1.774 -3.817 -3.657 -2.083 1 0
0.188 -4.236 2.164 -3.647 1 0
0.033 -4.272 2.905 -3.132 1 0
3.116 -2.969 -1.786 -3.915 1 0
2.77 -3.334 0.99 -4.22 1 0
3.026 -3.147 4.128 1.421 1 0
4.155 -1.44 1.49 -4.137 1 0
3.913 -2.075 1.102 -4.29 1 0
4.097 -1.764 2.779 -3.489 1 0
0.077 -4.491 2.926 -3.408 1 0
2.515 -3.76 4.474 -0.666 1 0
1.87 -4.153 4.469 0.881 1 0
4.104 -2.047 3.852 -2.489 1 0
4.54 -0.842 4.607 -0.315 1 0
4.373 1.578 4.511 1.124 1 0
3.668 -2.907 4.644 -0.585 1 0
4.573 1.135 4.678 0.563 1 0
4.628 1.041 3.899 -2.701 1 0
4.12 -2.414 4.163 2.338 1 0
3.441 3.355 4.576 1.47 1 0
-1.596 0.574 -1.631 0.463 0 1
-1.726 -0.058 -1.41 0.998 0 1
-1.674 -0.54 -1.745 -0.22 0 1
-1.785 -0.139 -1.735 0.441 0 1
-1.614 -0.844 -1.7 -0.654 0 1
-1.694 0.75 -0.659 -1.732 0 1
-1.415 -1.244 -1.326 -1.339 0 1
-1.905 0.205 -1.377 -1.332 0 1
-1.53 -1.204 -1.912 -0.369 0 1
-0.579 -1.892 -1.911 -0.512 0 1
-1.556 -1.272 -1.482 -1.357 0 1
-1.301 -1.573 -2.002 -0.398 0 1
-2.072 -0.064 -0.439 -2.026 0 1
-2.097 0.175 -1.587 -1.382 0 1
-0.185 -2.128 -1.502 -1.518 0 1
-1.269 -1.757 0.98 -1.933 0 1
-1.202 -1.841 -0.355 -2.17 0 1
-0.132 -2.226 -0.407 -2.192 0 1
-2.157 -0.68 -1.501 -1.691 0 1
-0.444 -2.249 -1.346 -1.856 0 1
-1.862 -1.39 0.837 -2.168 0 1
0.969 -2.147 -0.889 -2.181 0 1
-1.03 -2.153 -1.196 -2.066 0 1
0.621 -2.337 -1.473 -1.918 0 1
2.044 -1.351 1.508 -1.931 0 1
0.469 -2.436 -1.101 -2.223 0 1
0.136 -2.509 0.196 -2.505 0 1
-0.859 -2.395 -0.956 -2.358 0 1
0.728 -2.47 1.84 -1.803 0 1
-0.615 -2.533 0.699 -2.511 0 1
0.407 -2.607 -0.307 -2.62 0 1
1.391 -2.279 0.489 -2.625 0 1
-2.016 -1.797 0.084 -2.7 0 1
2.055 -1.801 1.608 -2.209 0 1
2.027 -1.879 -1.378 -2.396 0 1
0.962 -2.625 2.382 -1.462 0 1
2.336 -1.592 2.29 -1.657 0 1
2.492 -1.399 1.369 -2.509 0 1
2.365 -1.661 1.656 -2.368 0 1
2.162 -1.964 2.253 -1.859 0 1
2.417 -1.695 -0.028 -2.952 0 1
2.982 -0.109 2.964 0.34 0 1
2.708 1.325 -0.755 -2.919 0 1
3.018 -0.418 2.831 -1.125 0 1
-0.032 -3.078 3.044 -0.459 0 1
2.809 -1.334 2.042 -2.345 0 1
3.137 -0.153 2.953 1.071 0 1
2.595 -1.825 2.777 -1.534 0 1
3.099 -0.814 3.2 -0.152 0 1
2.217 2.356 3.205 -0.438 0 1
2.924 -1.457 3.005 -1.282 0 1
3.148 -0.984 3.19 -0.837 0 1
3.329 -0.058 2.207 2.492 0 1
2.672 -2.038 3.2 -1.028 0 1
2.107 2.658 2.811 1.899 0 1
3.402 -0.386 2.122 2.686 0 1
3.427 -0.439 3.098 1.529 0 1
2.723 2.177 2.962 1.839 0 1
2.311 2.652 2.113 2.813 0 1
3.472 0.738 3.329 1.232 0 1
2.984 1.979 2.818 2.209 0 1
2.424 2.678 3.338 1.38 0 1
2.649 2.502 -0.102 3.642 0 1
3.5 1.12 0.793 3.589 0 1
0.692 3.641 0.711 3.638 0 1
-1.911 3.213 2.974 2.265 0 1
1.725 3.351 3.749 0.393 0 1
-0.096 3.799 0.595 3.754 0 1
1.275 3.614 2.023 3.255 0 1
-0.317 3.85 0.293 3.852 0 1
1.165 3.717 -1.998 3.344 0 1
2.838 2.713 -0.478 3.897 0 1
-0.869 3.861 0.096 3.957 0 1
0.474 3.961 2.189 3.335 0 1
2.195 3.369 -2.875 2.81 0 1
-3.853 1.255 2.553 3.146 0 1
2.181 3.452 -2.392 3.31 0 1
-0.046 4.115 3.405 2.31 0 1
1.186 3.973 1.783 3.743 0 1
-3.95 1.36 -0.339 4.164 0 1
-2.819 3.125 -2.709 3.221 0 1
1.099 4.096 -1.433 3.991 0 1
-4.172 0.917 -2.505 3.46 0 1
-1.45 4.052 -2.089 3.762 0 1
-0.936 4.233 -1.838 3.926 0 1
-3.29 2.87 -3.095 3.08 0 1
-4.356 0.604 -4.106 1.574 0 1
-3.959 1.985 -3.804 2.269 0 1
-1.92 4.026 -2.13 3.919 0 1
-3.926 2.182 -4.46 0.536 0 1
-2.569 3.723 -3.514 2.848 0 1
-3.872 2.398 -2.731 3.645 0 1
-3.752 2.637 -4.304 1.584 0 1
-4.51 -0.991 -4.104 2.116 0 1
-4.611 -0.596 -4.137 -2.122 0 1
-3.455 3.157 -4.663 0.401 0 1
-2.393 4.059 -3.214 3.446 0 1
-3.737 2.921 -4.458 1.62 0 1
-4.674 -0.976 -3.692 3.028 0 1
-4.106 -2.497 -3.757 2.998 0 1
1.326 1.057 0.854 1.465 1 0
1.645 -0.525 0.834 -1.512 1 0
1.667 0.56 1.745 -0.219 1 0
1.773 -0.245 1.753 0.363 1 0
1.779 0.392 0.921 1.571 1 0
1.623 0.893 1.534 -1.039 1 0
1.733 -0.739 1.263 1.398 1 0
1.834 0.555 1.876 -0.386 1 0
1.558 1.168 1.873 -0.533 1 0
0.705 1.849 1.137 1.619 1 0
1.874 0.727 2.001 0.192 1 0
2.03 0.214 0.852 1.855 1 0
1.388 1.539 1.274 1.635 1 0
2.095 0.191 2.033 0.544 1 0
1.973 0.817 1.328 1.672 1 0
1.632 1.425 0.682 2.057 1 0
1.123 1.89 1.958 1.0 1 0
-0.21 2.22 1.908 1.154 1 0
0.854 2.094 1.431 1.751 1 0
-0.386 2.26 0.792 2.152 1 0
2.16 0.859 -0.668 2.226 1 0
0.953 2.154 0.082 2.354 1 0
1.037 2.15 1.602 1.77 1 0
0.356 2.392 -0.54 2.357 1 0
-0.393 2.418 -1.805 1.656 1 0
0.96 2.288 0.098 2.479 1 0
0.686 2.417 0.643 2.429 1 0
-2.51 0.418 -0.153 2.539 1 0
0.154 2.571 0.82 2.441 1 0
0.958 2.425 -1.028 2.396 1 0
-0.564 2.577 0.97 2.453 1 0
-1.84 1.935 -2.486 0.972 1 0
0.388 2.673 -1.648 2.14 1 0
-0.678 2.647 -2.144 1.694 1 0
-2.231 1.631 -2.342 1.468 1 0
-2.5 1.251 -1.205 2.522 1 0
-2.36 1.556 -2.305 1.637 1 0
-1.774 2.241 -0.726 2.765 1 0
-2.602 1.256 -2.538 1.381 1 0
-2.576 1.377 -2.383 1.689 1 0
-2.864 0.718 -1.695 2.417 1 0
-2.4 1.773 -2.583 1.494 1 0
-2.69 1.361 -2.941 -0.667 1 0
-2.989 0.589 -2.575 1.628 1 0
-1.502 2.687 -2.654 1.559 1 0
-2.966 0.933 -2.651 -1.625 1 0
-3.137 -0.147 -0.291 3.127 1 0
-3.064 -0.824 -3.025 -0.957 1 0
-2.952 -1.246 -3.193 0.266 1 0
-3.226 -0.249 -3.231 0.162 1 0
-3.214 0.585 -2.436 2.177 1 0
-3.296 0.103 -2.802 1.739 1 0
-3.017 1.408 -3.311 -0.35 1 0
-3.228 -0.934 -3.355 0.19 1 0
-2.776 1.949 -3.179 -1.184 1 0
-3.368 -0.614 -3.328 -0.804 1 0
-2.54 -2.343 -3.42 -0.49 1 0
-0.064 -3.486 -3.471 0.326 1 0
-2.463 -2.512 -1.297 -3.27 1 0
-1.945 -2.969 -3.549 0.001 1 0
-3.514 -0.686 -3.016 -1.93 1 0
-3.604 0.248 -2.94 -2.099 1 0
-2.189 -2.912 -3.638 0.201 1 0
-0.896 -3.564 -0.973 -3.544 1 0
1.289 -3.475 -1.638 -3.325 1 0
-1.25 -3.523 -0.301 -3.726 1 0
-2.75 -2.578 -0.817 -3.68 1 0
-3.271 -1.935 -2.555 -2.814 1 0
-2.461 -2.937 0.109 -3.831 1 0
0.251 -3.855 -2.748 -2.715 1 0
0.421 -3.872 0.531 -3.859 1 0
1.157 -3.752 -2.189 -3.259 1 0
1.219 -3.765 -3.338 -2.126 1 0
1.183 -3.81 1.073 -3.842 1 0
-2.219 -3.353 1.371 -3.78 1 0
1.637 -3.707 0.658 -3.998 1 0
0.99 -3.961 1.547 -3.779 1 0
0.344 -4.1 1.505 -3.83 1 0
-0.284 -4.137 2.94 -2.924 1 0
2.127 -3.596 -1.269 -3.98 1 0
1.104 -4.062 3.032 -2.919 1 0
0.945 -4.134 -1.615 -3.921 1 0
3.652 -2.216 0.2 -4.267 1 0
3.745 -2.119 1.308 -4.1 1 0
4.291 -0.612 -2.879 -3.24 1 0
4.079 -1.556 0.288 -4.357 1 0
3.206 -3.01 3.403 -2.786 1 0
-1.545 -4.151 2.689 -3.519 1 0
-1.534 -4.188 4.32 -1.11 1 0
4.405 -0.881 4.454 -0.582 1 0
4.523 -0.02 3.425 -2.955 1 0
3.735 -2.607 3.543 -2.862 1 0
4.172 -1.904 0.49 -4.56 1 0
4.022 2.269 2.914 -3.582 1 0
4.327 -1.7 4.049 -2.284 1 0
3.771 -2.773 1.599 -4.399 1 0
4.108 2.307 4.505 -1.381 1 0
4.735 -0.28 3.394 -3.314 1 0
0.484 -4.75 4.7 0.838 1 0
4.252 2.241 4.783 -0.472 1 0
-1.681 0.227 -1.695 -0.047 0 1
-1.715 0.205 -1.726 -0.055 0 1
-1.756 -0.091 -1.658 -0.586 0 1
-1.666 0.655 -1.326 1.202 0 1
-1.196 -1.374 -1.757 -0.48 0 1
-1.633 -0.875 -1.7 -0.736 0 1
-1.54 -1.086 -1.659 0.894 0 1
-1.4 -1.307 -1.672 0.936 0 1
-1.855 -0.592 -0.626 -1.844 0 1
-1.659 -1.078 -1.731 -0.958 0 1
-1.894 -0.673 -0.14 -2.005 0 1
0.103 -2.039 -1.817 -0.931 0 1
-1.136 -1.734 -1.638 -1.27 0 1
-0.892 -1.906 -2.072 -0.368 0 1
-1.802 -1.147 -2.009 0.725 0 1
-1.812 -1.188 -0.948 -1.949 0 1
0.546 -2.13 -2.047 -0.801 0 1
-1.305 -1.808 -0.192 -2.222 0 1
0.32 -2.238 0.112 -2.258 0 1
-1.148 -1.984 -1.256 -1.918 0 1
-0.604 -2.244 -1.25 -1.959 0 1
-0.096 -2.354 -0.327 -2.333 0 1
-0.121 -2.384 -1.203 -2.061 0 1
-1.553 -1.853 -2.113 -1.176 0 1
-0.129 -2.446 -0.811 -2.312 0 1
-0.322 -2.46 1.522 -1.959 0 1
-1.496 -2.019 0.625 -2.434 0 1
-1.904 -1.687 -0.498 -2.495 0 1
2.332 -1.094 0.509 -2.525 0 1
0.064 -2.606 2.154 -1.468 0 1
2.205 -1.449 1.809 -1.921 0 1
0.983 -2.482 2.605 -0.586 0 1
1.099 -2.468 0.52 -2.651 0 1
2.104 -1.743 1.569 -2.237 0 1
2.172 -1.709 2.329 -1.488 0 1
2.389 -1.452 2.088 -1.859 0 1
1.784 -2.192 -1.1 -2.604 0 1
2.391 -1.565 0.764 -2.754 0 1
2.477 1.489 1.598 -2.408 0 1
1.351 -2.59 2.736 -1.023 0 1
0.772 -2.85 2.932 -0.343 0 1
2.29 -1.913 2.935 0.539 0 1
2.783 -1.159 2.902 -0.82 0 1
2.937 -0.809 2.491 -1.754 0 1
2.48 -1.824 2.649 -1.568 0 1
2.754 -1.444 2.684 -1.57 0 1
1.731 -2.621 2.676 1.645 0 1
2.656 -1.735 2.989 -1.063 0 1
1.446 -2.859 2.321 2.209 0 1
2.305 -2.271 2.985 1.248 0 1
3.15 -0.865 2.531 -2.065 0 1
3.148 -0.983 2.302 2.362 0 1
3.293 -0.49 2.864 1.698 0 1
3.187 1.068 3.359 0.099 0 1
2.452 2.344 3.375 -0.34 0 1
3.322 0.829 3.381 -0.538 0 1
3.322 0.949 3.298 -1.03 0 1
3.456 0.459 3.089 1.617 0 1
3.149 1.568 3.406 0.881 0 1
2.284 2.717 3.232 -1.466 0 1
3.002 1.951 2.993 1.965 0 1
3.283 1.506 3.386 1.258 0 1
2.903 2.203 2.704 2.443 0 1
1.845 3.178 0.387 3.655 0 1
2.745 2.49 0.045 3.706 0 1
2.917 2.337 3.205 1.923 0 1
0.854 3.671 2.172 3.08 0 1
1.477 3.502 3.698 -0.877 0 1
0.967 3.708 -0.166 3.828 0 1
3.725 1.023 0.151 3.861 0 1
1.443 3.618 -3.121 2.331 0 1
2.678 2.871 0.426 3.903 0 1
1.353 3.719 -0.509 3.925 0 1
1.799 3.561 -0.994 3.863 0 1
-0.179 4.017 -2.53 3.125 0 1
-1.747 3.656 2.358 3.295 0 1
0.097 4.082 2.834 2.94 0 1
1.541 3.815 0.782 4.04 0 1
-0.189 4.142 1.456 3.882 0 1
-1.956 3.692 -2.574 3.29 0 1
-3.039 2.912 -2.753 3.184 0 1
-4.094 1.107 -0.971 4.128 0 1
-1.241 4.088 0.205 4.267 0 1
-1.503 4.032 -2.365 3.595 0 1
1.655 4.006 -3.839 2.013 0 1
-2.934 3.233 2.187 3.779 0 1
-3.646 2.459 -4.257 1.103 0 1
-3.832 2.221 -3.533 2.671 0 1
-2.066 3.953 -3.917 2.134 0 1
-3.42 2.912 -2.637 3.636 0 1
-3.63 2.699 -3.577 2.769 0 1
-4.5 0.705 -4.555 -0.022 0 1
-3.299 3.186 -3.85 2.492 0 1
-4.614 0.166 -3.84 2.564 0 1
-2.899 3.635 -4.631 0.411 0 1
-4.571 1.005 -4.559 -1.058 0 1
-1.926 4.3 -2.908 -3.707 0 1
-4.586 1.213 -4.691 -0.7 0 1
-3.957 2.672 -4.341 -1.988 0 1
-4.227 2.287 -4.28 2.187 0 1
1.147 1.249 1.369 1.001 1 0
1.624 0.589 1.658 -0.484 1 0
1.639 -0.637 1.759 -0.006 1 0
1.328 1.201 1.733 0.447 1 0
1.795 -0.31 1.739 0.543 1 0
1.823 -0.329 1.718 0.694 1 0
1.711 -0.79 1.183 1.467 1 0
1.285 1.421 0.644 1.804 1 0
0.995 1.673 1.94 -0.166 1 0
1.89 0.584 1.809 0.801 1 0
1.866 0.748 1.056 1.71 1 0
1.938 -0.643 1.301 1.573 1 0
1.812 1.007 1.959 0.678 1 0
1.717 -1.217 1.536 1.439 1 0
0.569 2.058 1.593 1.423 1 0
1.066 1.887 1.679 1.37 1 0
2.173 0.332 1.956 1.004 1 0
1.764 1.365 1.502 1.648 1 0
0.061 2.26 2.074 0.901 1 0
1.353 1.851 2.028 1.07 1 0
-1.034 2.081 -0.265 2.309 1 0
-0.335 2.332 1.117 2.074 1 0
1.379 1.948 0.32 2.365 1 0
2.325 0.664 2.062 1.264 1 0
-0.469 2.404 1.316 2.066 1 0
2.32 0.88 2.319 0.882 1 0
1.722 1.829 1.053 2.281 1 0
-0.298 2.526 -0.369 2.517 1 0
-2.563 0.258 -2.348 1.057 1 0
-0.968 2.421 1.123 2.353 1 0
-0.477 2.595 -1.411 2.229 1 0
-2.127 1.614 -1.06 2.45 1 0
-1.215 2.412 -0.725 2.602 1 0
-2.488 1.129 -1.037 2.528 1 0
0.194 2.757 -1.837 2.065 1 0
-2.389 1.452 -2.555 1.135 1 0
-0.587 2.765 -2.438 1.431 1 0
-2.253 1.759 -1.832 2.194 1 0
-2.817 -0.643 -1.806 2.256 1 0
-1.988 2.14 -1.674 2.394 1 0
-1.644 2.452 -2.404 1.713 1 0
0.888 2.849 -2.873 0.807 1 0
-2.981 0.455 -0.683 2.937 1 0
-2.898 0.94 -2.804 1.192 1 0
-2.851 1.159 -3.012 0.632 1 0
-2.902 1.116 -2.071 2.32 1 0
-2.4 2.027 -2.554 1.828 1 0
-2.945 1.179 -0.759 -3.08 1 0
-3.204 0.012 -2.646 1.806 1 0
-2.854 -1.523 -3.194 0.516 1 0
-3.075 1.101 -1.999 2.584 1 0
-3.071 -1.203 -3.288 0.262 1 0
-3.082 -1.259 -2.139 -2.551 1 0
-0.383 -3.339 -3.282 -0.723 1 0
-2.51 2.282 -3.338 -0.604 1 0
-3.162 1.313 -3.3 -0.91 1 0
-3.238 -1.206 -3.378 -0.727 1 0
-1.982 -2.868 -3.482 -0.176 1 0
-3.5 0.354 -3.416 -0.842 1 0
-2.932 -2.0 -1.696 -3.118 1 0
-3.47 -0.882 -3.09 -1.81 1 0
-0.763 -3.531 -2.004 -3.005 1 0
-2.532 -2.62 -3.091 -1.929 1 0
-3.172 -1.856 -0.642 -3.618 1 0
-1.874 -3.198 -1.405 -3.43 1 0
-1.863 -3.241 -3.72 -0.368 1 0
-0.273 -3.759 -3.765 -0.189 1 0
-1.451 -3.513 -2.365 -2.975 1 0
-0.98 -3.705 0.326 -3.818 1 0
1.138 -3.692 -2.293 -3.11 1 0
-0.405 -3.874 -3.452 -1.804 1 0
-2.824 -2.728 -2.82 -2.732 1 0
0.823 -3.871 -1.069 -3.811 1 0
0.789 -3.91 -0.287 -3.979 1 0
-2.472 -3.171 -3.478 -2.018 1 0
2.068 -3.485 1.28 -3.845 1 0
0.403 -4.064 -1.298 -3.872 1 0
1.088 -3.968 -0.231 -4.108 1 0
4.063 -0.826 -0.243 -4.139 1 0
4.033 -1.089 -2.223 -3.537 1 0
0.02 -4.209 0.958 -4.099 1 0
-0.144 -4.238 1.871 -3.805 1 0
2.799 -3.227 2.99 -3.051 1 0
0.477 -4.277 3.683 -2.225 1 0
4.333 0.126 4.102 -1.4 1 0
3.382 -2.762 2.478 -3.595 1 0
3.536 -2.614 0.325 -4.386 1 0
1.872 -4.014 0.349 -4.415 1 0
1.749 -4.103 2.511 -3.686 1 0
4.298 1.305 4.025 -1.994 1 0
2.131 -3.99 3.433 -2.945 1 0
4.318 -1.448 4.536 0.416 1 0
4.557 0.514 4.114 -2.027 1 0
3.883 2.499 4.291 1.706 1 0
4.196 -2.002 3.943 2.462 1 0
4.289 1.875 0.257 -4.673 1 0
4.17 -2.193 3.855 -2.71 1 0
4.724 0.421 4.731 0.332 1 0
3.364 -3.388 4.245 -2.186 1 0
2.606 -4.038 4.784 -0.462 1 0
-1.61 -0.532 -1.437 -0.901 0 1
-1.446 -0.945 -1.726 0.066 0 1
-1.742 0.239 -1.267 -1.22 0 1
-1.493 -0.988 -1.772 0.251 0 1
-1.483 -1.058 -1.797 -0.299 0 1
-1.725 0.676 -1.828 0.305 0 1
-1.362 -1.303 -1.615 -0.97 0 1
-1.334 -1.375 -1.637 -0.996 0 1
-1.453 -1.296 -0.955 -1.697 0 1
-0.533 -1.905 -1.952 -0.323 0 1
-1.178 -1.628 -1.494 -1.345 0 1
-1.788 -0.985 -1.453 -1.433 0 1
-1.932 -0.75 -1.349 -1.574 0 1
-1.718 -1.215 -0.666 -1.996 0 1
0.436 -2.091 -1.867 -1.037 0 1
-0.371 -2.135 -1.881 -1.077 0 1
-2.008 -0.896 -1.105 -1.901 0 1
0.222 -2.219 -1.195 -1.883 0 1
-1.858 -1.288 -1.728 -1.459 0 1
0.902 -2.108 1.074 -2.026 0 1
-0.94 -2.126 -2.263 -0.528 0 1
-0.49 -2.304 -1.146 -2.058 0 1
-0.834 -2.236 0.299 -2.368 0 1
0.623 -2.337 -1.886 -1.514 0 1
0.661 -2.359 -1.313 -2.068 0 1
-0.384 -2.451 -0.72 -2.374 0 1
-0.301 -2.495 0.255 -2.5 0 1
-0.117 -2.541 2.36 -0.951 0 1
2.497 -0.63 -0.844 -2.433 0 1
-0.36 -2.582 0.249 -2.595 0 1
-0.099 -2.636 0.591 -2.571 0 1
0.367 -2.644 1.777 -1.993 0 1
2.355 -1.322 2.158 -1.624 0 1
0.113 -2.73 0.64 -2.656 0 1
2.145 -1.743 1.798 -2.099 0 1
0.762 -2.689 2.695 -0.741 0 1
0.166 -2.822 -1.625 -2.313 0 1
2.813 -0.504 2.311 -1.682 0 1
0.626 -2.821 2.786 -0.768 0 1
1.591 -2.45 1.553 -2.474 0 1
2.861 -0.73 1.132 -2.727 0 1
1.263 -2.703 2.543 -1.561 0 1
2.928 -0.721 2.931 0.71 0 1
2.95 -0.763 1.934 -2.354 0 1
3.068 -0.243 3.031 -0.539 0 1
3.0 0.818 1.147 -2.89 0 1
2.463 -1.949 2.656 -1.676 0 1
1.946 2.506 3.049 -0.875 0 1
3.202 -0.112 3.192 -0.27 0 1
3.039 1.109 3.162 -0.684 0 1
3.048 1.175 2.453 -2.157 0 1
2.987 -1.398 2.957 -1.46 0 1
2.859 1.706 3.001 1.443 0 1
3.288 0.695 1.285 3.105 0 1
3.384 0.23 2.966 -1.646 0 1
3.183 1.26 3.299 0.915 0 1
0.909 3.333 2.336 2.546 0 1
3.483 -0.153 3.065 1.661 0 1
3.028 1.791 2.642 2.322 0 1
2.553 2.466 2.647 2.365 0 1
0.189 3.576 3.531 0.595 0 1
3.583 -0.462 3.332 1.394 0 1
3.315 1.512 3.643 -0.061 0 1
3.384 1.433 2.566 2.63 0 1
-1.067 3.55 2.754 2.481 0 1
0.124 3.736 -1.755 3.3 0 1
1.792 3.316 1.436 3.485 0 1
-0.381 3.782 1.972 3.249 0 1
1.551 3.504 2.534 2.875 0 1
3.294 2.019 -0.577 3.82 0 1
1.799 3.454 1.913 3.393 0 1
-1.217 3.733 0.627 3.876 0 1
-0.996 3.83 -0.673 3.9 0 1
-0.648 3.936 -0.933 3.878 0 1
-0.047 4.02 1.474 3.741 0 1
-0.24 4.045 -1.142 3.888 0 1
-1.19 3.906 -3.669 1.792 0 1
-1.172 3.944 -2.377 3.359 0 1
1.376 3.911 1.574 3.836 0 1
-1.171 4.01 0.728 4.114 0 1
-3.451 2.41 -0.389 4.191 0 1
-0.718 4.179 0.622 4.195 0 1
-2.507 3.459 -1.708 3.916 0 1
-2.912 3.168 -1.335 4.091 0 1
-0.878 4.245 -0.902 4.24 0 1
-2.287 3.719 -2.504 3.577 0 1
-4.387 -0.298 -3.177 3.04 0 1
-2.106 3.896 -1.288 4.238 0 1
-2.74 3.52 -2.065 3.954 0 1
-1.688 4.163 -3.255 3.095 0 1
-0.919 4.429 -4.187 1.712 0 1
-4.454 0.952 -4.081 2.022 0 1
-4.118 -2.018 -3.591 2.853 0 1
-3.943 2.402 -4.242 1.823 0 1
-3.934 2.477 -2.252 4.067 0 1
-4.395 1.61 -3.597 2.995 0 1
-3.987 2.51 -3.937 2.588 0 1
-4.301 -1.999 -4.504 1.487 0 1
-4.366 1.933 -3.45 -3.301 0 1
-0.891 4.723 -4.192 2.35 0 1
1.484 0.821 1.683 0.212 1 0
1.657 -0.489 1.249 1.193 1 0
1.665 -0.566 1.641 0.632 1 0
1.734 0.446 1.242 1.289 1 0
1.744 0.527 1.813 0.171 1 0
1.328 1.292 1.529 1.046 1 0
1.492 1.151 1.874 0.193 1 0
1.865 -0.44 1.855 0.477 1 0
1.57 1.151 1.7 0.95 1 0
1.952 0.326 1.963 0.246 1 0
0.641 1.905 0.417 1.966 1 0
1.583 1.289 1.639 1.217 1 0
0.742 1.935 -0.861 1.885 1 0
-0.261 2.088 1.951 0.787 1 0
1.49 1.53 0.976 1.9 1 0
-0.764 2.028 0.214 2.156 1 0
1.802 1.259 1.418 1.68 1 0
0.876 2.05 1.78 1.343 1 0
1.394 1.781 1.569 1.628 1 0
0.266 2.277 -0.414 2.255 1 0
1.493 1.781 -0.157 2.319 1 0
-0.044 2.355 1.118 2.073 1 0
0.089 2.385 -0.724 2.274 1 0
0.835 2.27 -1.202 2.098 1 0
1.96 1.469 0.238 2.438 1 0
0.703 2.38 0.56 2.417 1 0
1.169 2.224 0.593 2.442 1 0
-0.681 2.451 1.944 1.64 1 0
-0.402 2.544 -1.715 1.921 1 0
-0.975 2.418 -0.495 2.559 1 0
1.298 2.297 0.499 2.591 1 0
0.159 2.665 -1.308 2.327 1 0
-0.859 2.561 -1.557 2.207 1 0
-2.089 1.761 2.179 1.648 1 0
0.822 2.639 -0.841 2.633 1 0
-1.444 2.394 -1.0 2.611 1 0
-1.103 2.603 0.201 2.82 1 0
-2.339 1.642 -2.381 1.581 1 0
-0.558 2.835 -2.813 -0.661 1 0
-1.717 2.363 -2.678 1.166 1 0
-2.202 1.967 -2.713 1.164 1 0
-2.978 0.189 -2.96 0.376 1 0
-2.965 0.548 -2.275 1.978 1 0
-2.789 1.225 -2.973 0.665 1 0
-1.758 2.527 -3.055 0.375 1 0
-3.08 -0.427 -3.009 0.786 1 0
-3.101 0.5 -1.827 2.555 1 0
-1.693 2.683 -3.15 -0.377 1 0
-2.511 1.989 -2.426 2.093 1 0
-3.235 -0.065 -2.97 -1.283 1 0
-3.247 0.361 -3.258 -0.236 1 0
-3.151 -0.975 -2.636 -1.982 1 0
-3.254 -0.704 -2.642 2.026 1 0
-2.921 -1.662 -2.125 -2.604 1 0
-3.378 0.316 -2.67 2.093 1 0
-3.317 -0.847 -3.368 -0.616 1 0
-3.45 -0.187 -3.171 -1.373 1 0
0.234 -3.479 -2.728 -2.171 1 0
-3.26 -1.322 -3.216 -1.426 1 0
-3.271 -1.378 -2.772 -2.216 1 0
-1.156 -3.389 -0.933 -3.457 1 0
-2.178 -2.882 -3.549 -0.673 1 0
-2.665 -2.485 -2.622 -2.53 1 0
-2.943 -2.201 -0.708 -3.606 1 0
-1.598 -3.344 -2.268 -2.931 1 0
-2.08 -3.106 -1.659 -3.349 1 0
-2.914 -2.391 -2.92 -2.384 1 0
-3.76 -0.557 -2.567 -2.803 1 0
-2.876 -2.533 -3.684 -1.055 1 0
-0.288 -3.853 -1.186 -3.677 1 0
-1.25 -3.689 0.901 -3.789 1 0
-0.189 -3.922 -0.72 -3.86 1 0
-3.273 -2.225 1.262 -3.751 1 0
0.483 -3.96 0.668 -3.933 1 0
2.241 -3.338 -1.959 -3.511 1 0
2.982 -2.743 2.736 -2.988 1 0
-1.898 -3.615 -0.018 -4.083 1 0
1.951 -3.623 -2.072 -3.555 1 0
0.542 -4.111 2.667 -3.175 1 0
0.561 -4.14 2.893 -3.014 1 0
2.831 -3.115 3.816 -1.775 1 0
2.245 -3.598 0.065 -4.24 1 0
3.037 -3.005 -0.738 -4.208 1 0
2.024 -3.798 4.073 -1.388 1 0
2.745 -3.355 -0.81 -4.258 1 0
2.001 -3.88 3.667 -2.37 1 0
2.959 -3.253 2.475 -3.635 1 0
4.412 0.384 2.574 -3.604 1 0
0.937 -4.361 1.23 -4.288 1 0
4.478 -0.348 0.886 -4.403 1 0
4.522 0.094 1.657 -4.209 1 0
4.051 -2.081 1.381 -4.34 1 0
3.48 -2.986 3.687 -2.727 1 0
4.367 -1.499 2.915 -3.581 1 0
4.608 0.617 4.648 -0.089 1 0
4.627 0.704 4.562 -1.048 1 0
4.693 -0.423 3.349 -3.315 1 0
4.74 -0.173 4.41 -1.746 1 0
4.775 -0.009 4.494 -1.612 1 0
4.69 -1.048 4.777 -0.528 1 0
-1.666 0.316 -1.423 -0.923 0 1
-1.658 0.485 -1.721 0.145 0 1
-0.854 -1.537 -1.25 -1.237 0 1
-1.744 -0.402 -1.748 0.385 0 1
-1.502 1.03 -1.474 1.07 0 1
-0.037 -1.853 -1.794 -0.464 0 1
-1.318 -1.347 -1.364 1.3 0 1
-1.389 -1.319 -1.808 -0.633 0 1
-1.915 -0.353 -1.68 -0.984 0 1
-1.67 -1.062 -1.977 0.067 0 1
-1.743 -1.001 -1.91 -0.627 0 1
-1.925 -0.679 -1.944 -0.624 0 1
-0.811 -1.907 -0.819 -1.904 0 1
-2.055 0.452 -2.103 -0.08 0 1
-1.92 -0.936 -1.726 -1.257 0 1
0.628 -2.074 -1.129 -1.85 0 1
-1.185 -1.852 -1.505 -1.603 0 1
-1.946 -1.089 -1.665 -1.483 0 1
0.122 -2.258 -0.09 -2.26 0 1
-1.229 -1.935 1.843 -1.363 0 1
-0.15 -2.319 -0.951 -2.121 0 1
-0.363 -2.327 0.353 -2.329 0 1
-1.566 -1.801 1.162 -2.085 0 1
0.403 -2.385 -0.594 -2.344 0 1
-1.419 -1.997 -2.306 -0.826 0 1
1.76 -1.749 -0.491 -2.432 0 1
0.126 -2.509 0.279 -2.497 0 1
-0.769 -2.425 -1.137 -2.276 0 1
0.583 -2.509 -0.471 -2.532 0 1
0.944 -2.43 1.249 -2.288 0 1
0.605 -2.568 0.163 -2.633 0 1
1.296 -2.334 0.218 -2.661 0 1
-0.005 -2.701 1.019 -2.502 0 1
2.262 -1.532 1.126 -2.49 0 1
2.083 -1.816 1.77 -2.123 0 1
2.219 -1.7 -0.753 -2.692 0 1
1.429 -2.439 2.152 -1.833 0 1
1.254 -2.569 1.702 -2.296 0 1
2.042 -2.045 2.886 0.15 0 1
1.972 -2.155 1.291 -2.62 0 1
2.095 -2.08 2.867 0.705 0 1
2.983 -0.065 2.057 -2.161 0 1
2.991 0.385 2.738 -1.262 0 1
1.739 -2.502 1.872 -2.403 0 1
3.018 0.606 2.615 -1.624 0 1
3.095 0.302 2.413 -1.962 0 1
2.055 -2.375 2.282 -2.158 0 1
1.345 -2.873 3.0 1.031 0 1
3.138 -0.647 2.91 1.34 0 1
2.822 -1.582 3.095 0.943 0 1
2.789 -1.7 3.069 1.119 0 1
3.289 0.247 3.243 0.598 0 1
3.153 -1.07 3.318 -0.276 0 1
3.162 1.138 3.322 0.512 0 1
3.032 1.522 2.583 2.199 0 1
2.988 1.672 2.306 2.531 0 1
2.95 1.799 2.714 2.138 0 1
3.431 0.62 2.182 2.719 0 1
3.0 1.837 2.837 2.08 0 1
-0.911 3.43 0.699 3.48 0 1
2.953 2.025 3.083 1.821 0 1
3.607 -0.196 2.317 2.771 0 1
-0.205 3.638 3.641 0.129 0 1
0.97 3.545 3.673 -0.11 0 1
3.624 0.779 3.658 -0.6 0 1
3.673 0.696 0.101 3.736 0 1
2.57 2.757 3.258 1.896 0 1
3.161 2.111 -1.548 3.471 0 1
2.654 2.764 2.784 2.633 0 1
2.793 2.669 -2.211 3.168 0 1
-0.665 3.838 0.036 3.895 0 1
3.894 -0.505 1.212 3.735 0 1
-1.003 3.828 0.149 3.955 0 1
0.171 3.986 -3.01 2.618 0 1
0.738 3.952 0.984 3.898 0 1
-2.203 3.4 -1.109 3.897 0 1
-0.448 4.059 3.3 2.406 0 1
-0.14 4.112 4.056 -0.695 0 1
-1.453 3.883 1.974 3.646 0 1
-0.921 4.075 -0.943 4.07 0 1
-4.077 1.045 0.926 4.106 0 1
-3.425 2.5 -1.657 3.903 0 1
-2.417 3.522 -2.43 3.513 0 1
-1.924 3.849 -3.593 2.369 0 1
-3.495 2.564 -2.249 3.706 0 1
2.621 3.492 -1.144 4.214 0 1
-2.047 3.892 -3.336 2.866 0 1
-3.721 2.403 -3.813 2.254 0 1
-4.374 0.874 -3.721 2.46 0 1
-4.228 1.516 -0.866 4.408 0 1
-4.202 -1.674 -1.803 4.148 0 1
-4.54 0.365 -3.678 2.687 0 1
-4.41 1.257 -3.374 3.106 0 1
-4.041 2.235 -2.801 3.671 0 1
-4.635 0.359 -4.204 -1.984 0 1
-3.878 -2.62 -2.839 -3.721 0 1
-4.607 -0.986 -4.619 -0.932 0 1
-4.159 2.281 -4.685 0.742 0 1
-4.747 -0.511 -4.721 -0.712 0 1
-2.434 4.144 -3.868 2.852 0 1
1.389 -0.973 1.674 0.274 1 0
1.675 0.423 1.578 0.701 1 0
1.417 1.042 0.898 1.512 1 0
1.343 1.184 1.767 0.286 1 0
1.631 -0.811 0.672 -1.693 1 0
1.158 1.446 1.267 1.352 1 0
1.318 1.347 1.675 0.862 1 0
1.637 0.995 0.689 1.787 1 0
1.922 0.31 1.947 -0.007 1 0
1.841 0.725 1.388 1.41 1 0
0.694 1.886 1.955 0.465 1 0
1.531 1.35 1.459 1.428 1 0
0.893 1.87 -0.053 2.072 1 0
1.904 0.896 0.894 1.905 1 0
0.112 2.133 1.747 1.228 1 0
-0.059 2.166 -0.286 2.148 1 0
1.925 1.061 1.077 1.917 1 0
0.978 2.004 1.542 1.611 1 0
0.717 2.144 0.832 2.102 1 0
2.177 0.718 -0.493 2.239 1 0
2.053 1.09 0.476 2.275 1 0
1.786 1.536 -0.588 2.281 1 0
-0.024 2.387 0.27 2.372 1 0
0.585 2.346 1.204 2.097 1 0
-0.543 2.389 -1.066 2.206 1 0
-1.105 2.221 -0.864 2.326 1 0
1.439 2.06 -0.618 2.436 1 0
-0.594 2.474 -1.338 2.164 1 0
0.409 2.543 0.228 2.565 1 0
-0.644 2.526 -1.864 1.823 1 0
-1.282 2.306 -0.765 2.525 1 0
-0.654 2.588 -1.625 2.118 1 0
-2.049 1.76 -2.147 1.639 1 0
-2.357 1.382 -1.516 2.273 1 0
0.727 2.667 -0.202 2.757 1 0
-0.279 2.781 -0.386 2.769 1 0
-1.955 2.041 -1.991 2.007 1 0
1.945 2.094 -2.708 0.914 1 0
0.442 2.856 -2.879 0.244 1 0
-2.248 1.865 -2.482 1.54 1 0
-2.819 0.878 -2.753 1.066 1 0
-2.659 1.354 1.481 2.59 1 0
-2.17 2.093 -2.731 1.278 1 0
-2.975 0.658 -2.997 0.547 1 0
-2.125 2.227 -1.837 -2.47 1 0
-3.065 -0.527 -2.949 0.986 1 0
-1.915 2.489 -2.107 -2.329 1 0
-3.126 0.54 -3.024 -0.959 1 0
-2.939 -1.275 -3.018 1.075 1 0
-3.207 0.428 -3.233 -0.119 1 0
-3.133 -0.923 -2.865 1.568 1 0
-2.794 -1.753 -1.982 2.636 1 0
-3.326 0.159 -3.218 0.853 1 0
-3.054 -1.402 -3.277 -0.748 1 0
-2.329 -2.466 -3.388 -0.16 1 0
-3.422 0.09 -2.454 -2.387 1 0
-2.87 -1.924 -1.855 -2.915 1 0
-3.413 -0.711 -2.794 -2.085 1 0
-3.169 -1.527 -3.361 -1.038 1 0
-3.543 0.218 -2.941 -1.987 1 0
-2.738 -2.308 -2.515 -2.549 1 0
-3.062 -1.917 -2.494 -2.613 1 0
-3.643 -0.046 -1.226 -3.431 1 0
-3.304 -1.609 0.335 -3.66 1 0
-2.197 -2.985 -3.354 -1.577 1 0
0.062 -3.737 -1.99 -3.164 1 0
-3.297 -1.826 2.381 -2.922 1 0
-1.214 -3.601 0.121 -3.799 1 0
0.924 -3.719 0.26 -3.823 1 0
-3.075 -2.339 1.87 -3.381 1 0
-0.511 -3.861 0.048 -3.895 1 0
-2.699 -2.852 -3.256 -2.195 1 0
-0.835 -3.869 -0.041 -3.958 1 0
-2.421 -3.171 0.856 -3.896 1 0
-3.353 -2.218 2.581 -3.083 1 0
-2.206 -3.399 -2.347 -3.303 1 0
-4.066 -0.374 -1.707 -3.709 1 0
0.919 -4.011 1.741 -3.728 1 0
1.06 -4.008 2.29 -3.456 1 0
-1.388 -3.94 3.283 -2.583 1 0
-0.286 -4.199 -1.646 -3.874 1 0
-2.203 -3.623 2.335 -3.54 1 0
2.051 -3.747 2.83 -3.2 1 0
-0.392 -4.285 -0.66 -4.252 1 0
-0.842 -4.252 0.85 -4.251 1 0
2.915 -3.251 3.31 -2.847 1 0
0.699 -4.342 0.75 -4.333 1 0
2.392 -3.727 3.627 -2.542 1 0
4.455 -0.216 3.762 -2.396 1 0
4.47 -0.439 3.547 -2.756 1 0
-0.577 -4.486 2.966 -3.415 1 0
4.526 -0.508 3.753 2.581 1 0
3.447 -3.025 3.908 2.399 1 0
4.298 -1.687 3.275 -3.255 1 0
4.516 1.102 3.665 -2.86 1 0
4.649 -0.543 4.543 1.124 1 0
4.609 -0.978 4.711 0.065 1 0
4.737 -0.236 4.742 -0.095 1 0
4.684 -0.925 3.815 -2.871 1 0
2.012 4.365 4.518 1.639 1 0
-1.643 -0.42 -1.398 0.959 0 1
-1.698 -0.315 -1.61 0.625 0 1
-1.645 0.623 -1.32 -1.162 0 1
-1.703 0.55 -1.775 0.235 0 1
-1.598 -0.875 -1.733 -0.561 0 1
-1.437 -1.169 -1.686 0.769 0 1
-1.584 -1.021 -1.804 -0.544 0 1
-0.091 -1.914 -0.753 -1.762 0 1
-1.928 0.27 -0.809 -1.771 0 1
-1.843 -0.719 -1.096 -1.647 0 1
-1.979 -0.354 -1.366 -1.475 0 1
-1.647 -1.206 -1.267 -1.601 0 1
0.092 -2.071 -1.989 -0.585 0 1
-1.277 -1.672 -1.027 -1.837 0 1
-1.518 -1.502 -2.119 0.263 0 1
-1.846 -1.135 0.095 -2.165 0 1
-1.95 -1.016 -1.653 -1.449 0 1
-2.229 -0.072 -0.743 -2.103 0 1
-1.214 -1.908 -0.809 -2.112 0 1
-0.063 -2.292 -0.641 -2.201 0 1
1.709 -1.575 -1.643 -1.643 0 1
-0.392 -2.323 -0.387 -2.324 0 1
0.82 -2.242 -0.543 -2.324 0 1
-1.667 -1.752 -2.167 -1.073 0 1
-0.647 -2.363 0.014 -2.45 0 1
0.19 -2.474 1.209 -2.166 0 1
-2.475 -0.434 -2.299 -1.013 0 1
1.547 -2.02 -0.332 -2.522 0 1
-1.266 -2.243 0.225 -2.566 0 1
-0.771 -2.49 0.035 -2.607 0 1
-0.988 -2.446 1.156 -2.371 0 1
2.428 -1.11 1.928 -1.846 0 1
1.098 -2.468 2.005 -1.81 0 1
2.664 -0.609 1.989 -1.874 0 1
1.937 -1.972 -1.182 -2.498 0 1
1.676 -2.237 1.817 -2.124 0 1
1.309 -2.505 2.005 -1.993 0 1
2.668 -1.024 2.181 -1.847 0 1
2.175 -1.902 2.365 -1.66 0 1
1.658 -2.405 2.72 -1.066 0 1
2.915 -0.466 2.132 -2.042 0 1
2.476 -1.666 2.983 -0.083 0 1
2.871 -0.921 2.035 -2.225 0 1
2.589 1.607 2.063 -2.242 0 1
1.478 -2.7 2.591 -1.663 0 1
3.074 -0.47 3.087 -0.373 0 1
1.697 -2.643 2.888 -1.236 0 1
2.992 -1.054 2.924 1.23 0 1
3.195 -0.242 2.511 1.989 0 1
3.235 0.013 3.126 -0.833 0 1
1.537 -2.882 1.652 -2.818 0 1
3.281 0.335 3.178 0.883 0 1
3.262 -0.669 2.706 1.939 0 1
3.359 0.102 3.303 -0.618 0 1
0.995 3.243 1.624 -2.978 0 1
2.799 1.971 3.247 -1.086 0 1
3.073 1.58 3.408 0.566 0 1
3.394 0.796 3.378 0.862 0 1
1.793 3.027 2.656 2.307 0 1
3.534 0.324 2.463 2.556 0 1
3.31 1.366 3.428 -1.033 0 1
3.08 1.887 2.985 2.034 0 1
2.411 2.732 2.974 2.105 0 1
3.162 1.873 3.426 -1.33 0 1
3.04 2.12 1.994 3.124 0 1
1.687 3.336 3.323 1.711 0 1
3.309 1.805 1.37 3.512 0 1
3.451 1.592 -0.742 3.728 0 1
-0.037 3.832 2.622 2.795 0 1
2.613 2.846 1.924 3.35 0 1
3.009 2.474 1.522 3.585 0 1
0.719 3.86 1.253 3.721 0 1
2.699 2.895 3.016 2.563 0 1
0.88 3.891 2.572 3.049 0 1
-2.166 3.387 -3.347 2.228 0 1
1.289 3.842 0.218 4.046 0 1
-1.527 3.787 -0.757 4.013 0 1
0.062 4.114 -1.262 3.916 0 1
-0.325 4.133 -1.262 3.949 0 1
-2.651 3.229 3.183 2.706 0 1
-1.963 3.724 0.215 4.204 0 1
-0.358 4.225 -2.786 3.197 0 1
-1.967 3.792 2.999 3.043 0 1
-1.177 4.139 0.378 4.287 0 1
-2.145 3.767 -2.184 3.744 0 1
-2.576 3.525 -2.643 3.476 0 1
-2.997 3.218 -1.583 4.103 0 1
0.009 4.429 -1.446 4.186 0 1
-0.461 4.437 -1.93 4.021 0 1
-3.1 3.251 -0.51 4.463 0 1
-4.053 2.008 -1.786 4.156 0 1
-4.177 1.815 -3.835 2.457 0 1
-4.38 1.358 -3.561 2.89 0 1
-4.546 0.807 -4.357 1.53 0 1
-3.583 2.963 -4.649 0.048 0 1
-3.89 2.602 -4.669 0.323 0 1
-4.475 1.475 -3.676 2.948 0 1
-4.045 -2.477 -3.522 3.177 0 1
-4.44 1.755 -4.729 0.655 0 1
-4.489 1.717 -4.535 -1.59 0 1
1.424 0.921 1.686 -0.186 1 0
1.112 1.322 1.411 0.996 1 0
1.668 -0.556 1.684 -0.506 1 0
1.63 0.739 1.622 0.758 1 0
1.821 -0.05 1.817 -0.129 1 0
1.843 -0.188 1.573 0.98 1 0
1.324 1.341 1.466 1.184 1 0
0.854 1.715 0.945 1.666 1 0
1.93 0.256 1.861 0.572 1 0
1.957 0.289 1.582 1.189 1 0
0.704 1.883 -0.832 1.83 1 0
1.34 1.54 2.008 0.37 1 0
1.749 1.112 -0.76 1.929 1 0
1.833 1.033 1.562 1.41 1 0
2.031 0.66 1.501 1.519 1 0
1.981 0.879 0.756 2.031 1 0
1.593 1.515 1.067 1.922 1 0
1.093 1.944 2.211 -0.286 1 0
0.9 2.075 1.226 1.9 1 0
-0.82 2.141 2.281 -0.227 1 0
-0.025 2.324 1.825 1.439 1 0
-0.278 2.339 -1.078 2.094 1 0
0.83 2.238 0.37 2.358 1 0
1.036 2.185 -0.567 2.351 1 0
0.44 2.41 2.2 1.077 1 0
-0.244 2.469 0.574 2.414 1 0
-0.47 2.468 0.783 2.387 1 0
-0.141 2.54 0.624 2.466 1 0
-0.099 2.574 -2.143 1.428 1 0
-2.387 1.047 0.349 2.583 1 0
-0.801 2.514 -2.409 1.076 1 0
-0.041 2.669 -0.209 2.661 1 0
-1.943 1.876 -1.017 2.502 1 0
-1.267 2.421 -2.462 1.185 1 0
0.848 2.631 -0.858 2.627 1 0
-1.546 2.329 -0.728 2.699 1 0
0.465 2.788 -2.105 1.887 1 0
-1.38 2.503 -2.433 1.499 1 0
-2.863 -0.388 -2.882 -0.21 1 0
-2.919 0.108 -2.921 0.03 1 0
-2.563 1.465 -2.352 1.784 1 0
-2.496 1.635 -2.645 1.382 1 0
-2.656 1.427 -2.772 1.185 1 0
-1.981 2.315 -2.921 -0.866 1 0
0.697 2.998 -2.907 1.011 1 0
-3.015 0.76 -3.038 -0.665 1 0
-2.997 -0.94 -2.97 -1.023 1 0
-3.043 0.897 -2.937 -1.199 1 0
-2.574 1.908 -3.166 0.488 1 0
-2.973 -1.276 -2.904 1.427 1 0
-2.973 -1.353 -2.8 -1.682 1 0
-3.264 -0.472 -1.582 -2.894 1 0
-3.297 -0.462 -3.137 -1.116 1 0
-2.988 1.538 -3.005 -1.506 1 0
-3.325 -0.67 -2.071 -2.687 1 0
-3.372 -0.591 -3.406 -0.346 1 0
-2.827 -1.987 -2.437 -2.449 1 0
-2.028 -2.836 -1.533 -3.132 1 0
-3.515 -0.14 -2.81 -2.116 1 0
-1.177 -3.348 -3.249 -1.428 1 0
-3.497 -0.77 -2.344 -2.707 1 0
-2.816 -2.262 -0.755 -3.532 1 0
-3.643 -0.064 -2.485 -2.664 1 0
-3.666 0.254 -3.143 -1.905 1 0
-1.835 -3.22 1.005 -3.567 1 0
-2.907 -2.35 0.163 -3.734 1 0
-2.543 -2.782 -3.467 1.48 1 0
-3.799 -0.101 0.584 -3.756 1 0
-2.491 -2.912 -3.211 -2.092 1 0
2.003 -3.304 1.133 -3.694 1 0
0.253 -3.887 -2.746 -2.762 1 0
0.515 -3.892 -1.179 -3.745 1 0
-2.079 -3.368 -2.176 -3.306 1 0
0.811 -3.906 -1.932 -3.49 1 0
-0.444 -3.996 -0.117 -4.019 1 0
-2.274 -3.354 3.555 -1.945 1 0
3.115 -2.641 2.397 -3.306 1 0
3.445 -2.25 -0.91 -4.013 1 0
1.276 -3.945 -1.16 -3.981 1 0
-2.065 -3.632 0.578 -4.138 1 0
3.271 -2.649 3.564 -2.239 1 0
-0.135 -4.238 1.218 -4.062 1 0
2.1 -3.72 2.908 -3.13 1 0
0.898 -4.209 3.441 -2.584 1 0
0.57 -4.297 2.214 -3.727 1 0
2.587 -3.517 -0.844 -4.284 1 0
0.536 -4.365 -0.088 -4.397 1 0
3.208 -3.054 2.614 -3.575 1 0
4.46 0.02 3.716 -2.467 1 0
4.308 -1.273 3.417 -2.916 1 0
4.517 -0.234 4.134 -1.835 1 0
3.219 -3.223 4.512 -0.625 1 0
2.918 -3.538 4.545 0.61 1 0
2.427 -3.928 4.285 1.721 1 0
3.783 -2.702 3.53 -3.025 1 0
3.675 -2.899 4.21 -2.045 1 0
4.574 -1.13 4.691 -0.438 1 0
3.953 -2.621 4.229 -2.149 1 0
4.073 -2.492 3.664 3.062 1 0
3.944 2.746 4.123 2.469 1 0
-1.58 -0.615 -1.694 -0.082 0 1
-1.662 -0.472 -1.718 0.181 0 1
-1.503 -0.913 -1.753 -0.137 0 1
-1.397 -1.119 -1.712 -0.522 0 1
-1.771 -0.427 -1.804 0.249 0 1
-0.859 -1.642 -1.508 -1.076 0 1
-1.854 -0.336 -1.846 0.377 0 1
-1.857 -0.472 -1.762 -0.751 0 1
-1.505 -1.235 -1.702 0.946 0 1
-1.895 -0.568 -1.953 -0.317 0 1
-1.254 -1.571 -1.985 0.317 0 1
-0.169 -2.034 -1.975 -0.516 0 1
-1.787 -1.051 0.131 -2.069 0 1
-2.087 0.268 -1.051 -1.823 0 1
0.266 -2.119 -0.732 -2.006 0 1
-0.234 -2.154 0.965 -1.94 0 1
-2.183 -0.256 0.214 -2.188 0 1
-1.388 -1.745 -0.614 -2.144 0 1
-0.674 -2.158 -2.194 -0.548 0 1
0.078 -2.291 -0.794 -2.151 0 1
1.645 -1.642 0.087 -2.322 0 1
1.722 -1.607 -1.35 -1.931 0 1
-0.802 -2.248 -0.182 -2.38 0 1
-0.944 -2.226 0.509 -2.364 0 1
0.599 -2.375 -0.989 -2.241 0 1
0.913 -2.307 -0.419 -2.446 0 1
0.148 -2.508 -1.799 -1.754 0 1
1.274 -2.202 -0.585 -2.476 0 1
-0.54 -2.518 -0.503 -2.526 0 1
1.836 -1.851 -0.427 -2.572 0 1
2.567 -0.61 1.263 -2.316 0 1
2.29 -1.373 1.451 -2.241 0 1
1.768 -2.042 0.055 -2.701 0 1
0.295 -2.717 1.333 -2.385 0 1
-2.278 -1.566 0.778 -2.652 0 1
1.752 -2.178 -0.228 -2.786 0 1
-0.552 -2.772 0.858 -2.693 0 1
2.241 -1.774 2.381 -1.581 0 1
1.035 -2.698 2.248 -1.815 0 1
2.909 -0.263 2.796 -0.844 0 1
2.261 -1.898 2.631 -1.339 0 1
1.747 -2.419 2.463 -1.684 0 1
2.822 1.061 2.468 -1.732 0 1
2.801 -1.198 2.317 -1.979 0 1
2.868 -1.117 3.028 0.551 0 1
3.047 -0.619 2.97 -0.921 0 1
3.119 -0.374 2.72 -1.571 0 1
3.172 -0.024 3.098 -0.682 0 1
1.921 2.564 3.153 0.567 0 1
1.854 -2.651 3.159 -0.697 0 1
0.928 -3.132 3.213 -0.591 0 1
3.172 -0.901 3.229 0.671 0 1
3.027 1.386 2.989 1.467 0 1
2.952 1.607 2.739 1.947 0 1
3.298 0.792 -0.596 3.34 0 1
2.828 -1.93 3.351 0.702 0 1
3.282 -1.079 2.915 1.856 0 1
2.873 1.976 3.42 0.68 0 1
0.945 3.389 2.131 2.799 0 1
3.199 1.537 1.698 3.117 0 1
2.767 2.273 0.226 3.574 0 1
0.765 3.53 0.678 3.548 0 1
3.518 0.947 3.156 1.821 0 1
1.912 3.138 3.176 1.849 0 1
3.446 1.364 3.419 1.431 0 1
2.635 2.651 1.117 3.567 0 1
0.415 3.746 2.626 2.704 0 1
1.946 3.265 1.432 3.521 0 1
2.458 2.94 2.022 3.255 0 1
0.565 3.822 0.73 3.794 0 1
0.195 3.89 1.821 3.443 0 1
0.423 3.903 3.135 2.363 0 1
1.87 3.488 0.343 3.943 0 1
0.452 3.963 3.849 1.047 0 1
0.313 4.008 2.593 3.073 0 1
-1.911 3.573 -2.282 3.348 0 1
-2.795 2.977 0.155 4.08 0 1
-3.065 2.745 -0.673 4.059 0 1
-2.959 2.905 -4.118 0.482 0 1
-0.715 4.116 -2.542 3.315 0 1
-3.324 2.582 -0.076 4.208 0 1
0.191 4.236 -3.671 2.123 0 1
-0.913 4.173 -2.261 3.625 0 1
-2.092 3.76 -1.921 3.851 0 1
-3.569 2.46 -2.262 3.698 0 1
-4.364 0.124 -0.002 4.366 0 1
-3.194 3.023 0.454 4.374 0 1
-2.437 3.698 -4.425 -0.191 0 1
-4.218 1.452 -3.526 2.732 0 1
-2.366 3.818 -3.499 2.817 0 1
-1.717 4.185 -3.159 3.237 0 1
-3.857 2.422 -3.517 2.894 0 1
-4.58 0.235 -3.664 2.758 0 1
-4.402 -1.394 -2.368 3.964 0 1
-4.649 0.019 -4.633 -0.381 0 1
-3.809 2.72 -4.535 -1.156 0 1
-4.262 -2.008 -3.775 2.819 0 1
-3.822 -2.809 -4.682 0.759 0 1
-4.774 -0.074 -4.763 -0.326 0 1
-4.285 -2.177 -4.462 1.785 0 1
1.696 -0.023 1.667 0.313 1 0
1.679 -0.404 1.05 -1.372 1 0
1.713 0.399 1.751 -0.162 1 0
1.782 0.173 1.778 0.204 1 0
1.762 -0.46 1.498 1.036 1 0
1.291 1.33 1.757 0.59 1 0
1.853 0.342 1.652 0.907 1 0
0.809 1.736 1.51 1.179 1 0
0.824 1.764 0.28 1.927 1 0
1.937 0.402 0.022 1.978 1 0
1.052 1.713 1.961 0.439 1 0
1.951 -0.601 1.901 0.744 1 0
0.006 2.073 1.823 0.987 1 0
0.728 1.974 1.041 1.829 1 0
1.785 1.172 1.197 1.769 1 0
1.083 1.877 -0.31 2.145 1 0
2.191 -0.183 0.706 2.082 1 0
-0.948 2.018 2.211 0.286 1 0
0.724 2.142 1.098 1.977 1 0
1.624 1.618 -0.932 2.095 1 0
0.272 2.308 1.777 1.498 1 0
1.46 1.848 -0.055 2.355 1 0
1.48 1.873 -0.536 2.326 1 0
-1.107 2.15 -0.139 2.414 1 0
0.949 2.258 0.129 2.446 1 0
-0.262 2.467 -1.553 1.935 1 0
-0.932 2.333 -2.055 1.445 1 0
-0.985 2.346 1.312 2.18 1 0
-0.445 2.537 -1.382 2.173 1 0
-1.493 2.137 1.311 2.253 1 0
-1.427 2.219 -0.785 2.519 1 0
0.497 2.623 -2.244 1.447 1 0
-1.613 2.167 -2.155 1.628 1 0
-1.327 2.389 -1.878 1.985 1 0
-1.383 2.393 -0.034 2.764 1 0
-1.336 2.456 -2.473 1.304 1 0
-1.933 2.062 -1.601 2.329 1 0
-0.848 2.73 -1.139 2.622 1 0
-1.673 2.356 -2.83 0.584 1 0
-1.837 2.271 -1.502 2.505 1 0
-2.878 0.66 -2.935 0.317 1 0
-1.823 2.362 -2.107 2.113 1 0
-0.719 2.928 -2.819 1.069 1 0
-1.476 2.665 -2.858 1.056 1 0
-3.022 -0.585 -2.261 2.088 1 0
-3.067 0.51 -1.754 -2.567 1 0
-2.937 1.113 -3.137 0.161 1 0
-3.115 -0.602 1.666 2.7 1 0
-3.167 -0.485 -1.886 2.59 1 0
-3.01 1.187 -3.031 1.132 1 0
-3.077 1.098 -3.163 0.817 1 0
-3.225 -0.689 -1.838 -2.738 1 0
-3.327 0.132 -3.097 1.223 1 0
-2.643 -2.076 -3.296 0.657 1 0
-3.107 -1.362 -2.878 -1.796 1 0
-3.413 -0.275 -2.192 -2.63 1 0
-3.417 -0.513 -2.916 -1.853 1 0
-2.17 -2.729 -3.486 0.077 1 0
-2.636 -2.33 -3.349 -1.077 1 0
-3.126 -1.681 -1.77 -3.076 1 0
-3.049 -1.878 -3.546 -0.497 1 0
0.105 -3.611 -0.691 -3.545 1 0
0.394 -3.622 -3.199 -1.744 1 0
-2.611 -2.586 -2.739 -2.45 1 0
-2.784 -2.447 -3.08 -2.061 1 0
-0.527 -3.701 -3.325 -1.708 1 0
-0.036 -3.769 -2.742 -2.586 1 0
-2.168 -3.122 -1.759 -3.369 1 0
-1.225 -3.631 -0.969 -3.708 1 0
1.053 -3.717 -3.183 -2.19 1 0
0.135 -3.893 -1.11 -3.733 1 0
0.92 -3.817 -1.156 -3.752 1 0
-0.479 -3.929 -1.228 -3.762 1 0
-0.819 -3.904 -0.557 -3.95 1 0
-0.349 -4.005 -0.346 -4.006 1 0
1.83 -3.615 0.795 -3.973 1 0
1.493 -3.801 0.478 -4.055 1 0
0.013 -4.115 0.247 -4.107 1 0
-0.634 -4.097 -1.008 -4.022 1 0
2.109 -3.606 3.752 -1.838 1 0
1.492 -3.936 0.38 -4.192 1 0
3.258 -2.714 2.155 -3.652 1 0
0.759 -4.204 3.396 -2.591 1 0
1.341 -4.089 4.151 -1.135 1 0
0.464 -4.31 4.302 -0.528 1 0
3.213 -2.957 2.94 -3.228 1 0
1.157 -4.243 2.387 -3.693 1 0
-0.79 -4.358 4.262 -1.205 1 0
2.779 -3.489 3.609 -2.621 1 0
4.209 -1.569 3.662 -2.602 1 0
4.405 -1.027 4.509 0.353 1 0
3.593 -2.8 -1.207 -4.392 1 0
-0.146 -4.584 4.163 -1.924 1 0
4.617 0.039 4.162 -1.999 1 0
4.492 -1.198 4.324 -1.707 1 0
3.293 -3.325 4.608 0.818 1 0
4.668 0.641 3.024 -3.613 1 0
4.304 -1.994 3.298 -3.409 1 0
4.771 0.185 4.771 -0.181 1 0
4.799 0.263 4.486 1.724 1 0
-1.599 -0.564 -1.478 0.831 0 1
-1.718 -0.174 -0.969 1.43 0 1
-1.754 0.124 -1.699 -0.452 0 1
-1.685 0.603 -1.583 -0.835 0 1
-1.52 -1.004 -1.423 -1.137 0 1
-1.105 -1.488 -1.16 -1.445 0 1
-1.878 0.156 -1.494 -1.148 0 1
-1.827 -0.577 -1.89 0.315 0 1
-1.947 0.012 -1.672 -0.999 0 1
-1.969 -0.195 -0.863 -1.781 0 1
-1.928 -0.567 -1.107 -1.677 0 1
-2.008 0.367 -0.698 -1.918 0 1
-0.278 -2.054 -0.217 -2.061 0 1
-0.366 -2.072 -1.993 -0.674 0 1
-1.72 -1.266 -2.034 -0.65 0 1
-1.151 -1.836 0.275 -2.15 0 1
-1.802 -1.259 -1.449 -1.653 0 1
-2.211 0.287 -2.095 -0.765 0 1
-1.131 -1.958 -0.563 -2.19 0 1
-0.065 -2.292 -1.568 -1.672 0 1
-0.79 -2.186 -0.402 -2.289 0 1
-0.385 -2.324 0.255 -2.342 0 1
-0.212 -2.377 -1.005 -2.165 0 1
-1.587 -1.825 -0.029 -2.418 0 1
-1.702 -1.762 -1.459 -1.968 0 1
-1.462 -2.005 -0.37 -2.454 0 1
-0.622 -2.434 0.206 -2.504 0 1
0.567 -2.48 2.061 -1.491 0 1
-0.37 -2.549 1.388 -2.169 0 1
-0.552 -2.548 1.155 -2.337 0 1
-0.513 -2.588 1.135 -2.382 0 1
0.925 -2.504 1.985 -1.785 0 1
1.052 -2.488 -1.763 -2.047 0 1
-0.327 -2.713 2.084 -1.767 0 1
-0.2 -2.757 0.558 -2.707 0 1
-0.06 -2.795 1.692 -2.225 0 1
-0.364 -2.803 -0.245 -2.816 0 1
0.91 -2.709 2.586 -1.218 0 1
1.865 -2.207 1.877 -2.197 0 1
2.72 -1.065 1.457 -2.532 0 1
1.545 -2.516 2.767 -1.03 0 1
0.909 -2.842 2.623 -1.423 0 1
2.071 -2.192 2.385 -1.844 0 1
3.038 0.235 1.517 -2.642 0 1
2.675 1.523 3.033 -0.522 0 1
2.905 -1.108 1.683 -2.615 0 1
3.017 0.875 3.035 0.81 0 1
3.148 -0.394 3.145 -0.418 0 1
2.529 -1.967 2.922 1.313 0 1
2.454 2.108 2.553 -1.988 0 1
2.606 1.969 2.935 -1.434 0 1
3.296 -0.119 2.635 1.984 0 1
3.314 -0.322 3.284 -0.549 0 1
1.643 2.932 3.334 -0.426 0 1
3.386 0.206 3.092 -1.395 0 1
3.28 0.983 3.239 1.11 0 1
3.454 0.085 2.71 2.143 0 1
3.447 0.524 2.959 1.843 0 1
3.091 1.679 2.532 2.442 0 1
3.539 0.269 3.378 1.091 0 1
2.347 2.704 1.579 3.214 0 1
3.085 1.878 3.334 1.389 0 1
2.359 2.776 2.343 2.79 0 1
3.573 0.859 3.036 2.071 0 1
1.707 3.29 2.735 2.501 0 1
2.917 2.337 3.36 1.638 0 1
1.837 3.292 0.371 3.751 0 1
1.873 3.307 0.519 3.765 0 1
1.133 3.661 2.839 2.574 0 1
1.503 3.559 0.86 3.766 0 1
3.635 1.4 1.881 3.411 0 1
2.512 3.018 0.064 3.926 0 1
0.128 3.956 2.911 2.681 0 1
2.766 2.874 2.614 3.013 0 1
0.518 3.987 -1.243 3.824 0 1
-2.408 3.259 0.362 4.036 0 1
1.129 3.924 1.147 3.919 0 1
0.839 4.028 -2.035 3.577 0 1
-2.297 3.452 -3.088 2.767 0 1
2.184 3.561 -0.608 4.133 0 1
-0.04 4.209 0.344 4.195 0 1
2.389 3.503 -1.995 3.742 0 1
1.035 4.145 -0.389 4.254 0 1
1.139 4.15 -3.576 2.394 0 1
-0.297 4.325 -1.363 4.115 0 1
0.26 4.358 0.472 4.341 0 1
-3.212 3.004 -3.795 2.221 0 1
-3.676 2.47 -0.343 4.416 0 1
-4.424 0.571 -4.408 0.679 0 1
-4.265 1.409 -4.204 1.582 0 1
-3.843 2.385 -3.368 3.019 0 1
-3.771 2.555 -4.396 1.191 0 1
-4.56 -0.488 2.629 3.757 0 1
-4.582 -0.574 -4.455 1.214 0 1
-4.301 1.765 -4.233 1.922 0 1
-2.235 4.112 -4.179 2.107 0 1
-4.664 -0.67 -4.709 0.16 0 1
-3.795 2.845 -4.711 0.554 0 1
-4.253 -2.169 -4.087 2.468 0 1
-4.512 -1.655 -4.186 -2.362 0 1
1.644 -0.416 1.375 -0.993 1 0
1.166 1.274 1.691 -0.35 1 0
1.431 1.022 1.731 0.309 1 0
1.333 1.195 1.036 1.459 1 0
1.781 0.381 1.632 0.809 1 0
1.663 0.817 1.842 0.196 1 0
1.762 0.668 1.693 0.827 1 0
1.781 0.707 1.911 -0.137 1 0
0.976 1.685 1.798 -0.746 1 0
1.682 -1.042 1.573 1.2 1 0
1.937 -0.538 1.987 -0.304 1 0
1.943 0.626 1.876 0.805 1 0
1.406 1.523 1.277 1.633 1 0
-0.654 2.0 0.457 2.054 1 0
1.993 -0.768 1.229 1.747 1 0
2.015 0.797 2.158 0.2 1 0
1.833 1.214 2.13 0.544 1 0
-0.6 2.147 0.182 2.222 1 0
-1.402 1.774 -0.17 2.255 1 0
1.192 1.958 0.591 2.215 1 0
2.154 0.873 1.727 1.555 1 0
1.303 1.962 0.315 2.334 1 0
-2.114 1.109 0.04 2.387 1 0
0.131 2.415 1.453 1.933 1 0
0.12 2.447 1.982 1.44 1 0
1.615 1.884 -0.988 2.276 1 0
-0.833 2.37 -0.61 2.437 1 0
0.624 2.466 1.299 2.187 1 0
-0.906 2.411 1.692 1.941 1 0
-0.586 2.54 -1.71 1.967 1 0
0.193 2.631 -2.11 1.584 1 0
1.395 2.276 -2.558 0.765 1 0
1.293 2.371 -1.577 2.193 1 0
1.187 2.461 1.511 2.277 1 0
0.008 2.764 -1.665 2.206 1 0
-0.891 2.649 -0.43 2.762 1 0
-2.361 1.555 -0.602 2.762 1 0
-0.597 2.795 -1.505 2.43 1 0
-2.713 0.994 -2.424 1.573 1 0
-1.744 2.343 -0.488 2.88 1 0
-1.477 2.556 -2.757 1.056 1 0
-2.648 1.376 -2.907 0.671 1 0
-2.91 -0.79 -2.749 1.239 1 0
-2.427 1.841 -2.359 1.928 1 0
-2.027 2.317 -2.026 2.318 1 0
-3.092 0.329 -2.499 1.851 1 0
-2.852 -1.317 -3.133 0.223 1 0
-3.172 0.004 -1.934 2.515 1 0
-2.321 2.209 -3.196 -0.216 1 0
-3.057 1.058 -3.212 -0.388 1 0
-3.266 -0.027 -1.839 -2.699 1 0
-3.195 -0.819 -2.746 -1.826 1 0
-0.863 -3.216 -2.48 -2.222 1 0
-3.048 -1.415 -2.774 1.898 1 0
-0.751 -3.308 -2.625 -2.148 1 0
-3.385 -0.51 -1.848 2.882 1 0
-1.938 -2.861 -2.249 -2.623 1 0
-2.49 -2.44 -2.849 -2.01 1 0
-2.313 -2.651 -1.977 -2.91 1 0
-2.897 -2.05 -1.784 -3.068 1 0
-3.547 -0.492 -1.025 -3.431 1 0
-3.612 -0.06 -3.584 -0.446 1 0
-2.213 -2.894 -1.44 -3.347 1 0
-3.498 -1.126 -3.331 -1.552 1 0
-3.278 -1.731 -1.897 -3.184 1 0
-3.369 -1.618 -2.317 -2.933 1 0
-1.634 -3.397 -2.106 -3.126 1 0
-1.86 -3.315 -1.233 -3.595 1 0
-3.677 -1.079 -1.234 -3.628 1 0
0.091 -3.862 -3.759 -0.893 1 0
-3.86 -0.517 2.927 -2.569 1 0
-2.127 -3.3 1.377 -3.677 1 0
-1.487 -3.668 -1.794 -3.528 1 0
0.845 -3.899 -3.299 -2.243 1 0
-2.173 -3.383 -0.1 -4.019 1 0
0.9 -3.951 -0.063 -4.052 1 0
-1.383 -3.842 -0.679 -4.027 1 0
-2.939 -2.88 -1.622 -3.782 1 0
3.03 -2.83 3.223 -2.608 1 0
2.188 -3.559 -1.414 -3.931 1 0
-0.223 -4.203 2.535 -3.36 1 0
3.824 -1.833 0.983 -4.125 1 0
1.297 -4.07 2.103 -3.718 1 0
1.731 -3.94 2.508 -3.497 1 0
1.364 -4.115 2.07 -3.809 1 0
3.18 -2.992 4.348 -0.401 1 0
3.506 -2.654 2.508 -3.612 1 0
0.977 -4.32 2.964 -3.291 1 0
3.649 -2.566 3.752 -2.412 1 0
2.958 -3.38 4.461 0.526 1 0
4.086 -1.94 4.356 -1.217 1 0
4.537 -0.404 4.553 -0.131 1 0
4.423 -1.211 3.997 -2.248 1 0
2.402 -3.943 4.252 -1.8 1 0
3.637 -2.896 4.507 -1.141 1 0
4.535 -1.157 2.687 -3.832 1 0
2.88 3.729 4.45 -1.549 1 0
4.737 0.244 4.301 -1.999 1 0
3.474 3.275 4.774 0.077 1 0
4.754 0.708 4.8 -0.244 1 0
-1.556 -0.673 -1.604 0.551 0 1
-1.724 0.113 -1.677 -0.415 0 1
-1.749 -0.186 -1.549 -0.833 0 1
-1.768 0.277 -1.784 0.146 0 1
-1.186 -1.382 -1.717 -0.607 0 1
-1.061 -1.519 -1.843 -0.187 0 1
-1.794 -0.576 -1.697 -0.819 0 1
-1.916 0.012 -1.916 -0.006 0 1
-0.729 -1.806 -1.581 -1.137 0 1
-0.813 -1.804 -1.799 0.824 0 1
-1.858 -0.768 -1.719 -1.041 0 1
-1.697 -1.135 -1.899 -0.75 0 1
-1.002 -1.814 -0.854 -1.889 0 1
-1.729 -1.199 -1.52 -1.456 0 1
-0.12 -2.132 -1.904 -0.968 0 1
-1.074 -1.882 -1.343 -1.701 0 1
-1.972 -0.972 0.372 -2.167 0 1
-0.572 -2.155 -0.692 -2.12 0 1
-0.558 -2.191 -1.445 -1.739 0 1
0.26 -2.278 -2.012 -1.099 0 1
-2.205 -0.736 -0.405 -2.288 0 1
0.014 -2.355 -0.083 -2.354 0 1
0.129 -2.383 0.345 -2.362 0 1
-0.63 -2.335 0.47 -2.372 0 1
-2.448 -0.094 0.867 -2.291 0 1
0.444 -2.441 -0.406 -2.448 0 1
0.825 -2.373 -1.475 -2.034 0 1
-0.143 -2.54 1.195 -2.246 0 1
0.835 -2.436 0.023 -2.575 0 1
0.145 -2.603 -0.473 -2.564 0 1
0.808 -2.511 2.105 -1.59 0 1
0.334 -2.649 1.405 -2.27 0 1
1.993 -1.823 1.939 -1.881 0 1
1.963 -1.9 -0.616 -2.662 0 1
1.726 -2.159 1.229 -2.476 0 1
2.054 -1.896 2.069 -1.88 0 1
-1.363 -2.477 -0.72 -2.733 0 1
2.753 -0.768 2.846 -0.265 0 1
2.804 -0.697 0.661 -2.813 0 1
2.145 -1.983 2.697 -1.121 0 1
0.879 -2.818 2.707 1.18 0 1
1.24 -2.714 1.971 -2.24 0 1
2.286 -1.966 1.051 -2.826 0 1
1.502 -2.651 2.483 -1.766 0 1
3.006 -0.663 2.998 0.699 0 1
2.259 2.137 2.794 -1.364 0 1
2.567 -1.81 2.726 -1.56 0 1
2.831 -1.431 3.02 -0.97 0 1
2.875 -1.414 3.181 0.379 0 1
3.226 -0.243 3.031 1.131 0 1
3.136 0.914 2.853 1.591 0 1
3.296 0.122 3.192 0.829 0 1
1.495 2.975 3.249 -0.725 0 1
3.293 -0.672 3.341 -0.365 0 1
3.128 1.313 3.27 -0.903 0 1
2.93 1.771 3.255 1.061 0 1
2.172 2.687 3.031 -1.658 0 1
3.467 -0.37 3.418 0.688 0 1
1.922 2.946 3.403 -0.893 0 1
3.278 1.36 2.566 2.453 0 1
3.272 1.455 2.49 2.573 0 1
2.435 2.668 2.997 2.017 0 1
3.252 1.643 3.379 1.364 0 1
3.39 1.42 -0.149 3.672 0 1
1.968 3.141 3.229 1.82 0 1
-0.265 3.728 1.637 3.36 0 1
1.577 3.423 0.508 3.735 0 1
-1.321 3.564 2.413 2.937 0 1
0.032 3.832 3.297 1.953 0 1
-0.189 3.859 -0.704 3.799 0 1
3.695 1.231 -1.376 3.644 0 1
-1.373 3.678 3.39 1.982 0 1
-0.873 3.86 2.498 3.07 0 1
1.884 3.516 -1.464 3.711 0 1
1.986 3.496 1.166 3.848 0 1
-2.695 3.026 -1.849 3.606 0 1
-0.442 4.059 -0.811 4.002 0 1
0.141 4.112 2.286 3.421 0 1
1.336 3.925 -0.16 4.143 0 1
-1.316 3.965 -2.589 3.279 0 1
-1.819 3.796 1.474 3.942 0 1
-2.383 3.508 -1.976 3.752 0 1
-0.347 4.258 -0.891 4.178 0 1
-2.061 3.777 -2.228 3.682 0 1
-1.276 4.143 -3.869 1.955 0 1
-1.908 3.927 -2.676 3.45 0 1
-3.824 2.171 0.741 4.335 0 1
-4.321 0.971 -0.749 4.365 0 1
-4.413 0.651 -2.395 3.763 0 1
-4.247 1.462 -4.023 1.997 0 1
-4.459 -0.758 -4.495 -0.505 0 1
-1.889 4.145 -4.542 -0.339 0 1
-1.035 4.468 -4.352 1.445 0 1
-4.423 -1.325 -2.03 4.147 0 1
-3.866 2.581 -4.587 -0.757 0 1
-1.682 4.368 -3.809 -2.72 0 1
-4.377 1.743 -4.219 -2.097 0 1
-4.477 1.568 -3.79 -2.852 0 1
-3.512 -3.235 -4.175 2.316 0 1
-4.353 2.038 -4.806 0.009 0 1
1.667 -0.31 1.696 0.023 1 0
1.571 -0.717 1.606 -0.636 1 0
0.31 1.731 1.664 -0.568 1 0
1.731 0.455 1.729 0.463 1 0
0.935 1.563 1.815 -0.155 1 0
1.213 -1.401 1.584 0.961 1 0
1.663 0.887 1.78 -0.618 1 0
1.228 1.47 1.283 1.422 1 0
0.964 1.692 -0.108 1.944 1 0
1.533 1.251 1.885 0.602 1 0
1.777 0.939 1.615 1.197 1 0
1.163 1.678 -0.056 2.041 1 0
0.801 1.912 1.242 1.66 1 0
1.474 1.502 2.104 0.027 1 0
2.066 0.542 0.315 2.112 1 0
-0.118 2.164 1.579 1.485 1 0
1.794 1.271 0.566 2.124 1 0
0.664 2.129 1.864 1.224 1 0
0.907 2.071 -1.303 1.848 1 0
2.072 0.982 1.772 1.454 1 0
1.185 1.999 1.958 1.252 1 0
0.034 2.355 0.165 2.35 1 0
0.671 2.291 -0.766 2.261 1 0
0.224 2.408 -0.447 2.377 1 0
-1.153 2.161 0.98 2.245 1 0
2.461 0.319 -1.457 2.008 1 0
-0.868 2.358 1.742 1.811 1 0
0.044 2.544 -0.936 2.365 1 0
-0.59 2.507 -0.633 2.496 1 0
-0.106 2.605 -1.357 2.226 1 0
-2.092 1.607 -0.739 2.533 1 0
-2.142 1.593 -2.638 -0.41 1 0
-0.175 2.695 -2.081 1.722 1 0
-0.006 2.733 -1.975 1.888 1 0
0.018 2.764 -2.584 0.981 1 0
-1.949 2.004 -2.11 1.834 1 0
-1.833 2.152 -2.775 0.537 1 0
-1.828 2.197 -2.494 1.395 1 0
-1.436 2.507 -1.655 2.369 1 0
-2.032 2.098 -0.74 2.826 1 0
-0.385 2.927 -2.591 1.416 1 0
-2.672 1.327 -2.45 1.703 1 0
-2.974 0.499 -1.902 2.34 1 0
-3.001 0.525 -1.392 2.71 1 0
-3.004 0.67 -2.821 1.232 1 0
-3.078 0.439 -3.09 0.349 1 0
-2.437 1.982 -3.131 0.244 1 0
-2.129 2.352 -2.727 1.621 1 0
-3.204 -0.004 -2.723 -1.688 1 0
-3.22 -0.31 -2.633 -1.88 1 0
-3.229 -0.492 -3.257 -0.245 1 0
-3.026 -1.312 -3.203 -0.785 1 0
-3.245 0.745 -2.965 1.514 1 0
-1.427 -3.043 -2.975 -1.563 1 0
-3.243 0.994 -2.783 -1.94 1 0
-2.753 -2.035 -3.393 -0.455 1 0
-3.059 -1.607 -3.234 -1.217 1 0
-3.277 -1.19 -3.234 -1.303 1 0
-2.159 -2.778 -1.645 -3.11 1 0
-3.5 -0.587 -3.325 -1.243 1 0
-3.492 -0.791 -3.318 -1.347 1 0
-1.253 -3.388 -1.473 -3.298 1 0
-3.583 -0.66 -3.434 -1.218 1 0
-1.604 -3.307 0.013 -3.675 1 0
-3.615 -0.817 -3.035 -2.128 1 0
-3.208 -1.918 -2.581 -2.704 1 0
-3.019 -2.257 0.668 -3.71 1 0
-2.561 -2.808 -3.473 -1.543 1 0
-3.515 -1.525 -0.417 -3.809 1 0
-2.305 -3.1 -3.794 -0.731 1 0
-2.256 -3.175 1.224 -3.698 1 0
-2.622 -2.923 0.789 -3.846 1 0
-1.275 -3.747 -1.364 -3.715 1 0
-1.881 -3.518 -0.803 -3.908 1 0
1.8 -3.595 -0.343 -4.006 1 0
-2.448 -3.229 0.349 -4.037 1 0
-1.087 -3.936 -1.982 -3.57 1 0
-0.817 -4.033 1.098 -3.966 1 0
-1.566 -3.839 -0.932 -4.04 1 0
-0.432 -4.155 1.355 -3.952 1 0
2.28 -3.538 0.683 -4.153 1 0
-0.065 -4.24 4.238 0.154 1 0
1.025 -4.147 2.456 -3.495 1 0
3.724 -2.157 1.51 -4.03 1 0
1.581 -4.036 3.039 -3.091 1 0
-1.671 -4.034 3.299 -2.86 1 0
4.244 -1.153 2.503 -3.616 1 0
2.882 -3.363 2.761 -3.463 1 0
1.817 -4.074 3.4 -2.887 1 0
2.581 -3.677 -0.21 -4.487 1 0
4.446 -0.834 2.937 -3.44 1 0
4.082 -2.021 3.756 -2.577 1 0
2.539 -3.819 4.552 -0.558 1 0
4.489 -1.08 3.766 2.672 1 0
4.113 -2.167 4.543 0.986 1 0
2.876 -3.692 4.664 0.388 1 0
1.985 -4.273 4.129 2.27 1 0
3.766 -2.884 3.921 -2.668 1 0
4.485 -1.638 4.477 -1.658 1 0
4.54 -1.576 4.437 -1.847 1 0
-1.496 -0.799 -1.54 -0.711 0 1
-1.486 -0.881 -1.608 -0.631 0 1
-1.654 -0.598 -1.748 0.191 0 1
-1.63 -0.74 -1.784 0.145 0 1
-1.472 -1.073 -1.816 0.145 0 1
-1.525 -1.052 -1.635 -0.872 0 1
-1.795 -0.575 -1.708 -0.795 0 1
-1.504 -1.186 -1.89 -0.315 0 1
-1.231 -1.509 -1.865 -0.558 0 1
-1.561 -1.216 -1.957 -0.289 0 1
-1.778 -0.938 -1.542 -1.29 0 1
-1.937 -0.645 -2.041 -0.009 0 1
-0.535 -2.003 -2.038 -0.38 0 1
0.361 -2.073 -0.983 -1.86 0 1
-1.227 -1.748 -2.132 -0.119 0 1
-0.685 -2.056 -1.039 -1.902 0 1
-1.771 -1.303 0.997 -1.959 0 1
-1.109 -1.934 -0.762 -2.096 0 1
-1.468 -1.72 -1.705 -1.485 0 1
0.735 -2.172 0.792 -2.151 0 1
-0.996 -2.1 -0.197 -2.316 0 1
-1.184 -2.036 1.139 -2.062 0 1
-2.25 -0.798 0.324 -2.365 0 1
1.554 -1.853 -1.731 -1.689 0 1
1.339 -2.051 -0.5 -2.398 0 1
-0.773 -2.358 0.81 -2.345 0 1
0.318 -2.492 1.518 -2.002 0 1
0.786 -2.42 -1.295 -2.19 0 1
1.04 -2.356 0.72 -2.473 0 1
-0.053 -2.606 -1.094 -2.366 0 1
1.823 -1.907 2.28 -1.328 0 1
1.593 -2.142 -1.071 -2.445 0 1
0.415 -2.669 1.401 -2.309 0 1
1.624 -2.197 1.799 -2.057 0 1
0.339 -2.743 0.874 -2.622 0 1
1.616 -2.281 2.766 0.402 0 1
2.581 -1.154 2.068 -1.927 0 1
1.473 -2.449 1.682 -2.311 0 1
2.444 -1.542 2.875 0.295 0 1
2.92 -0.077 1.389 -2.57 0 1
2.127 -2.048 1.222 -2.688 0 1
1.6 -2.518 0.942 -2.831 0 1
2.635 1.465 2.734 1.271 0 1
2.543 -1.677 0.834 -2.93 0 1
1.88 -2.437 2.549 -1.726 0 1
1.559 2.691 3.087 0.375 0 1
2.484 -1.922 1.984 -2.435 0 1
3.169 -0.153 2.97 -1.115 0 1
2.454 -2.059 3.095 -0.828 0 1
2.481 2.076 2.916 1.401 0 1
1.096 3.077 2.663 -1.891 0 1
3.148 0.982 0.658 3.232 0 1
2.801 1.8 3.304 0.407 0 1
2.92 1.663 2.976 1.561 0 1
3.059 1.465 3.334 -0.627 0 1
3.179 1.27 1.55 3.053 0 1
2.249 2.623 2.649 2.218 0 1
3.35 -0.967 3.393 -0.803 0 1
3.516 -0.114 2.891 2.004 0 1
1.841 3.034 2.841 2.127 0 1
2.114 2.89 1.45 3.274 0 1
3.226 1.625 3.606 -0.218 0 1
2.803 2.328 0.97 3.512 0 1
0.885 3.567 2.928 2.221 0 1
3.702 -0.18 2.653 2.588 0 1
0.237 3.73 1.773 3.291 0 1
1.003 3.633 2.657 2.674 0 1
2.364 2.976 3.428 1.641 0 1
1.068 3.68 2.856 2.555 0 1
1.676 3.481 1.848 3.393 0 1
-0.561 3.854 0.31 3.883 0 1
-0.606 3.879 1.012 3.794 0 1
-2.096 3.357 -2.082 3.366 0 1
-2.803 2.839 -1.43 3.724 0 1
2.322 3.282 0.29 4.01 0 1
-2.324 3.319 0.472 4.024 0 1
2.275 3.391 3.192 2.546 0 1
2.565 3.217 1.411 3.865 0 1
1.468 3.878 -0.587 4.104 0 1
1.933 3.703 -1.596 3.861 0 1
-2.072 3.664 -3.305 2.606 0 1
2.724 3.25 -2.093 3.688 0 1
-0.638 4.224 0.896 4.177 0 1
-1.194 4.134 -2.845 3.229 0 1
-1.695 3.99 -0.179 4.331 0 1
0.887 4.275 -0.757 4.3 0 1
-2.777 3.41 -4.104 -1.58 0 1
-2.429 3.703 -4.32 -0.978 0 1
-3.819 2.305 -2.007 3.983 0 1
-3.19 3.162 -1.583 4.203 0 1
-0.636 4.478 -4.281 1.459 0 1
-4.045 2.094 -1.95 4.116 0 1
-3.055 3.42 -2.198 4.025 0 1
-4.516 0.961 -4.617 -0.071 0 1
-3.044 3.514 -4.009 2.353 0 1
-3.978 -2.466 -3.705 2.86 0 1
-3.77 2.826 -4.378 1.743 0 1
-3.751 2.903 -4.032 2.499 0 1
-4.764 0.311 -4.039 -2.546 0 1
-4.659 -1.179 -4.46 -1.791 0 1
classA,classB
